35 0.498954 0.656944 0.219665 0.230556
36 0.189331 0.340278 0.236402 0.225000
37 0.620293 0.929167 0.102510 0.102778
38 0.807531 0.338889 0.225941 0.227778
39 0.739540 0.052778 0.131799 0.105556
40 0.933054 0.063889 0.092050 0.100000
41 0.374477 0.933333 0.100418 0.105556
42 0.495816 0.343056 0.234310 0.230556
43 0.129707 0.931944 0.050209 0.108333
44 0.535565 0.054167 0.138075 0.102778
45 0.098326 0.061111 0.175732 0.116667
46 0.866109 0.934722 0.117155 0.097222
47 0.345188 0.055556 0.125523 0.100000
48 0.802301 0.655556 0.228033 0.227778
49 0.187238 0.658333 0.236402 0.227778
