11 0.100313 0.063194 0.173459 0.118056
12 0.345873 0.056944 0.125392 0.100000
14 0.536573 0.055556 0.138976 0.105556
13 0.739812 0.055556 0.133751 0.105556
10 0.933647 0.066667 0.088819 0.100000
6 0.192268 0.344444 0.238245 0.230556
5 0.496343 0.343750 0.236155 0.231944
7 0.808255 0.341667 0.224660 0.227778
4 0.189655 0.661111 0.237200 0.230556
3 0.503135 0.656944 0.220481 0.230556
8 0.804598 0.658333 0.227795 0.230556
9 0.129049 0.933333 0.051202 0.105556
9 0.375131 0.936111 0.100313 0.105556
9 0.621735 0.929861 0.100313 0.106944
9 0.867816 0.937500 0.115987 0.100000
