7 0.686325 0.359940 0.153800 0.219662
6 0.274700 0.358726 0.157346 0.203544
5 0.480418 0.359497 0.151758 0.219812
9 0.235527 0.885887 0.034819 0.084814
12 0.379425 0.103755 0.084072 0.084206
4 0.276023 0.645437 0.155184 0.199541
13 0.641547 0.104645 0.087902 0.084192
8 0.687086 0.644513 0.153970 0.210293
3 0.478309 0.644375 0.153885 0.202903
14 0.500422 0.105993 0.079546 0.085462
10 0.768311 0.112402 0.058319 0.085974
9 0.724867 0.887274 0.082171 0.087128
9 0.562667 0.885554 0.063180 0.083222
9 0.399225 0.885516 0.063469 0.083463
11 0.218996 0.093912 0.116480 0.054937
