9 0.131802 0.934806 0.049592 0.094906
7 0.809016 0.344065 0.224504 0.243105
5 0.500426 0.340485 0.224741 0.240127
12 0.348664 0.055757 0.127201 0.092344
9 0.377112 0.934538 0.094341 0.096614
6 0.191469 0.342658 0.231991 0.232226
8 0.808892 0.661120 0.228591 0.229115
10 0.933229 0.065709 0.088038 0.095888
9 0.622097 0.934984 0.095564 0.096683
13 0.743611 0.056241 0.129946 0.094183
3 0.497157 0.660505 0.233745 0.219322
9 0.868234 0.935141 0.119281 0.103078
14 0.529975 0.056367 0.114811 0.096372
11 0.106672 0.044065 0.172976 0.059232
4 0.190867 0.662993 0.235378 0.228598
