7 0.686208 0.360338 0.154951 0.222051
6 0.274395 0.359135 0.157288 0.204495
5 0.480505 0.359156 0.151695 0.219671
9 0.235476 0.886353 0.034903 0.084688
13 0.642228 0.104453 0.088481 0.086150
3 0.478705 0.645681 0.154341 0.205520
4 0.275829 0.646115 0.155516 0.199759
8 0.686674 0.645885 0.155019 0.211884
12 0.379641 0.104009 0.084256 0.084718
14 0.500684 0.106123 0.080993 0.086277
10 0.767986 0.111881 0.059246 0.087914
9 0.562641 0.885239 0.063629 0.084093
9 0.725284 0.887120 0.080688 0.087755
11 0.218280 0.093825 0.116497 0.056127
9 0.399299 0.885082 0.063294 0.084036
