7 0.809344 0.344008 0.226983 0.242635
9 0.132964 0.937183 0.049956 0.093987
12 0.348487 0.056004 0.124739 0.093758
5 0.500878 0.343200 0.227336 0.243263
3 0.499619 0.665332 0.234062 0.225672
4 0.191566 0.664374 0.225798 0.219939
14 0.530691 0.056601 0.115936 0.098749
6 0.191093 0.343065 0.232070 0.232599
8 0.809062 0.665981 0.230917 0.236746
10 0.934021 0.066281 0.087879 0.096112
9 0.378128 0.936860 0.095585 0.095388
13 0.744071 0.056123 0.129837 0.095407
9 0.623526 0.935578 0.096578 0.095596
9 0.868629 0.938084 0.121405 0.104224
11 0.107667 0.044297 0.173528 0.060313
