9 0.131816 0.938668 0.049129 0.093665
6 0.190359 0.344338 0.230072 0.227474
14 0.529462 0.058703 0.115193 0.098649
12 0.346668 0.058786 0.127362 0.094324
9 0.376735 0.937219 0.094808 0.092942
3 0.495859 0.664549 0.232890 0.218632
4 0.190547 0.667119 0.226066 0.210446
8 0.807022 0.662963 0.227663 0.221540
5 0.499284 0.345423 0.235647 0.230064
7 0.808431 0.346642 0.224917 0.227675
13 0.742324 0.058858 0.129279 0.093888
9 0.621798 0.937824 0.095152 0.095541
9 0.867082 0.940001 0.119687 0.103060
10 0.930962 0.067519 0.089182 0.095963
11 0.106245 0.045786 0.174027 0.062376
