7 0.809368 0.343987 0.224827 0.240016
9 0.132824 0.937496 0.048096 0.093062
12 0.348596 0.056544 0.124693 0.092931
14 0.530409 0.057610 0.115324 0.098085
5 0.501069 0.340878 0.225728 0.238835
3 0.499427 0.667430 0.235497 0.225593
6 0.192100 0.344436 0.232887 0.232948
4 0.191586 0.665536 0.226779 0.217364
9 0.377872 0.935596 0.094024 0.093638
8 0.808870 0.665403 0.229514 0.232862
13 0.744383 0.056859 0.130217 0.094871
10 0.933770 0.066584 0.087944 0.096770
9 0.623316 0.936344 0.095704 0.096549
11 0.107584 0.044549 0.173356 0.061247
9 0.868530 0.938719 0.120362 0.104943
