9 0.131734 0.937890 0.048654 0.092269
12 0.347033 0.058596 0.125531 0.093521
14 0.529430 0.059781 0.114664 0.097578
6 0.190971 0.343835 0.231958 0.225380
9 0.376700 0.938044 0.093598 0.094934
3 0.496186 0.663426 0.233125 0.216008
5 0.499273 0.345310 0.235261 0.228857
8 0.807721 0.662018 0.225267 0.221224
4 0.190422 0.666859 0.225370 0.208930
7 0.808296 0.345928 0.225143 0.225699
9 0.621154 0.938513 0.095312 0.094729
9 0.866755 0.937452 0.118316 0.097756
13 0.742056 0.058511 0.128333 0.093253
10 0.931470 0.067895 0.088013 0.095250
11 0.106864 0.045755 0.172814 0.061503
