9 0.132809 0.935364 0.051751 0.095699
7 0.809599 0.343234 0.227473 0.246260
5 0.501425 0.342213 0.228277 0.244957
4 0.191407 0.664360 0.226844 0.215752
8 0.809691 0.663438 0.231335 0.236144
6 0.190835 0.341393 0.231766 0.235380
12 0.349194 0.054974 0.128351 0.093334
3 0.500138 0.663282 0.234055 0.223553
9 0.378267 0.935016 0.096368 0.097476
13 0.743176 0.054820 0.129087 0.096775
9 0.623881 0.934464 0.097330 0.097673
14 0.531789 0.055565 0.118883 0.096746
10 0.933809 0.063643 0.090216 0.097103
9 0.869090 0.935869 0.122401 0.102217
11 0.107067 0.043097 0.175622 0.061345
