9 0.131765 0.934771 0.049786 0.095354
7 0.808897 0.344007 0.225259 0.244409
6 0.190572 0.342709 0.231000 0.233661
5 0.500875 0.341033 0.224611 0.243814
12 0.349032 0.054764 0.126391 0.092853
10 0.933755 0.064912 0.089238 0.095032
9 0.377520 0.934450 0.094884 0.097320
8 0.808816 0.661558 0.228978 0.230163
13 0.743051 0.055855 0.129696 0.093416
3 0.497429 0.660794 0.233463 0.221031
9 0.622670 0.934190 0.095291 0.097949
9 0.868224 0.934824 0.118882 0.102945
14 0.529458 0.056146 0.116011 0.095352
11 0.106198 0.043832 0.174440 0.060251
4 0.190750 0.664493 0.236674 0.226787
