9 0.131818 0.936607 0.050208 0.094229
7 0.808135 0.343965 0.227131 0.243481
9 0.377345 0.936554 0.094827 0.096440
6 0.189524 0.343403 0.239607 0.226991
4 0.190734 0.666097 0.231097 0.220299
12 0.348202 0.056363 0.127480 0.095526
3 0.495230 0.665142 0.235121 0.227196
8 0.808568 0.665692 0.227048 0.237238
14 0.529496 0.056485 0.116566 0.098973
10 0.932830 0.066394 0.089881 0.097041
5 0.499427 0.342042 0.227129 0.242633
13 0.741898 0.056323 0.129675 0.096740
9 0.867978 0.935020 0.118764 0.099176
11 0.107391 0.044713 0.175046 0.062899
9 0.622608 0.935436 0.095470 0.095377
