9 0.131920 0.937846 0.048906 0.092995
7 0.808227 0.344533 0.226214 0.242157
12 0.348616 0.055992 0.126336 0.094237
9 0.377218 0.937980 0.094140 0.095620
6 0.190048 0.343237 0.239876 0.224567
4 0.190569 0.666503 0.229943 0.218033
14 0.529281 0.056653 0.115643 0.097868
8 0.808541 0.666033 0.226666 0.236175
13 0.742411 0.056013 0.128443 0.094885
3 0.495793 0.664977 0.232005 0.225775
5 0.499840 0.342338 0.225367 0.243249
10 0.932449 0.066251 0.089031 0.095414
9 0.867267 0.936341 0.118237 0.098786
9 0.622467 0.936788 0.094608 0.094778
11 0.107572 0.044951 0.173302 0.061984
