7 0.809565 0.344128 0.226612 0.242235
9 0.133020 0.937221 0.049979 0.094087
12 0.348715 0.056160 0.124619 0.093173
5 0.501133 0.342956 0.227220 0.242975
14 0.530590 0.057136 0.115389 0.097563
3 0.499871 0.665173 0.234126 0.225492
4 0.191659 0.664105 0.225516 0.219240
6 0.190883 0.343086 0.230949 0.232317
10 0.933912 0.066260 0.087116 0.095750
8 0.809186 0.665172 0.231076 0.235047
9 0.377693 0.935368 0.095588 0.094607
13 0.743902 0.056143 0.129353 0.095247
9 0.623384 0.935462 0.096554 0.095611
9 0.868589 0.938171 0.121526 0.104397
11 0.107828 0.044290 0.173021 0.060682
