9 0.131781 0.935002 0.051639 0.097286
6 0.191284 0.343152 0.234725 0.238812
13 0.741878 0.055663 0.130633 0.096363
7 0.808669 0.344111 0.227004 0.248379
5 0.501113 0.341774 0.227679 0.243986
12 0.348888 0.055183 0.127532 0.093607
4 0.190915 0.662813 0.237586 0.229516
3 0.496826 0.662640 0.236945 0.225727
9 0.377337 0.933424 0.096264 0.095955
9 0.869133 0.935324 0.119789 0.106329
8 0.808321 0.663009 0.230341 0.233528
14 0.529759 0.055132 0.117833 0.097915
9 0.623295 0.933404 0.097030 0.097392
10 0.933776 0.065025 0.091073 0.096071
11 0.105724 0.042703 0.174396 0.061074
