9 0.131709 0.937929 0.049123 0.092859
12 0.347549 0.057609 0.124806 0.094088
6 0.190392 0.343964 0.231947 0.226334
7 0.808513 0.345416 0.225114 0.228721
9 0.376784 0.937871 0.094011 0.095861
14 0.528869 0.058449 0.114535 0.097508
5 0.499240 0.345981 0.235129 0.228350
3 0.495344 0.663912 0.232743 0.216361
4 0.190287 0.665606 0.225928 0.213284
8 0.807995 0.663038 0.225702 0.223911
9 0.866622 0.936924 0.118585 0.097928
13 0.741541 0.057503 0.126789 0.094504
10 0.932228 0.067556 0.087232 0.094846
9 0.621213 0.938006 0.095528 0.095337
11 0.106793 0.045733 0.173589 0.061562
