7 0.808490 0.345205 0.226246 0.242154
9 0.132133 0.939033 0.048584 0.093684
6 0.190402 0.343871 0.239320 0.225305
12 0.348497 0.056222 0.126063 0.094206
4 0.190869 0.666285 0.230477 0.218047
9 0.376848 0.937750 0.094446 0.092860
8 0.808593 0.667051 0.227193 0.236394
14 0.529304 0.056965 0.115632 0.097983
5 0.500349 0.342943 0.225936 0.241969
3 0.496017 0.666178 0.231796 0.227508
13 0.742866 0.057903 0.128967 0.095521
10 0.932444 0.066022 0.088798 0.094965
11 0.107575 0.045017 0.173262 0.061938
9 0.622132 0.937896 0.094874 0.094823
9 0.867167 0.940027 0.119217 0.104376
