9 0.131771 0.938110 0.049050 0.093324
12 0.347475 0.057611 0.124785 0.094186
6 0.189926 0.344053 0.231180 0.225965
7 0.808723 0.345070 0.224296 0.227266
5 0.499401 0.346299 0.234857 0.228157
9 0.376801 0.938005 0.094051 0.095979
3 0.495672 0.663626 0.232407 0.216247
14 0.528918 0.058536 0.114903 0.095968
4 0.190213 0.665272 0.225788 0.213251
8 0.807997 0.662815 0.225166 0.223480
13 0.741808 0.057758 0.127492 0.094419
9 0.866440 0.936929 0.118112 0.098279
10 0.931814 0.067575 0.088281 0.095193
9 0.621208 0.938178 0.095521 0.095631
11 0.106758 0.045621 0.174075 0.061474
