9 0.131846 0.936484 0.049358 0.095433
7 0.808934 0.345612 0.225360 0.240573
6 0.191087 0.344692 0.232534 0.233339
12 0.348838 0.056875 0.126445 0.092733
5 0.500766 0.342793 0.224998 0.243935
10 0.933605 0.066974 0.089418 0.094921
8 0.808826 0.664047 0.228811 0.230121
13 0.742946 0.057983 0.129738 0.092963
9 0.377181 0.935651 0.094497 0.095730
3 0.497141 0.662666 0.233959 0.220544
9 0.622485 0.935671 0.094930 0.098122
9 0.868434 0.937241 0.119878 0.105472
14 0.529386 0.057821 0.115655 0.094877
11 0.106017 0.045911 0.174906 0.059813
4 0.190877 0.665909 0.237440 0.226685
