9 0.131865 0.938418 0.049564 0.093031
12 0.347435 0.058447 0.125426 0.092971
4 0.191039 0.665270 0.224775 0.212840
14 0.529578 0.059343 0.114877 0.096762
7 0.808224 0.345924 0.224641 0.228175
3 0.495563 0.663692 0.232671 0.217323
6 0.189931 0.343719 0.229481 0.225844
8 0.807788 0.663327 0.227945 0.222258
5 0.499458 0.346020 0.234202 0.230528
9 0.376769 0.937497 0.095285 0.092095
13 0.741629 0.058474 0.127611 0.094862
10 0.931333 0.067732 0.087988 0.094269
9 0.867238 0.940290 0.119668 0.102397
9 0.621682 0.938220 0.094919 0.094552
11 0.106769 0.045247 0.172505 0.060495
