9 0.131706 0.936423 0.049922 0.093211
7 0.808181 0.343585 0.226405 0.242979
9 0.377155 0.936500 0.094505 0.095942
12 0.347612 0.057033 0.128488 0.095642
8 0.808123 0.663856 0.226413 0.233442
14 0.530006 0.056984 0.117105 0.099312
5 0.499125 0.341487 0.226757 0.240271
4 0.190629 0.666575 0.230245 0.216089
6 0.189686 0.344228 0.239943 0.227338
3 0.495989 0.664213 0.233923 0.225456
13 0.741338 0.057117 0.130132 0.096002
10 0.931731 0.066366 0.090892 0.098049
9 0.867791 0.935328 0.118882 0.098553
9 0.621619 0.936730 0.096072 0.096612
11 0.106576 0.044928 0.174138 0.062794
