9 0.131638 0.937725 0.050222 0.093681
7 0.808390 0.345616 0.225237 0.227588
12 0.347281 0.058162 0.125264 0.093278
3 0.496066 0.663368 0.232426 0.216740
4 0.190712 0.665306 0.224285 0.213446
14 0.529668 0.059598 0.114387 0.095944
9 0.377192 0.937763 0.094726 0.095593
5 0.499182 0.345721 0.235717 0.231096
8 0.807798 0.662688 0.228377 0.221954
6 0.190157 0.344290 0.227694 0.224509
13 0.741743 0.058003 0.127387 0.094281
10 0.931414 0.067653 0.087540 0.095067
9 0.867220 0.937571 0.117713 0.096460
9 0.621834 0.936889 0.095049 0.093446
11 0.106930 0.045399 0.172394 0.060685
