7 0.809369 0.343658 0.225987 0.243468
9 0.131788 0.934740 0.051072 0.095667
5 0.500595 0.342322 0.226752 0.243715
12 0.348763 0.055774 0.127100 0.092753
6 0.190791 0.342848 0.229748 0.231983
3 0.497135 0.661589 0.233868 0.222107
8 0.809197 0.662767 0.229957 0.233956
9 0.377702 0.934530 0.095954 0.097450
10 0.933002 0.065413 0.087865 0.095575
13 0.743017 0.056238 0.128821 0.094597
9 0.622857 0.933838 0.096301 0.096758
14 0.530495 0.056182 0.115003 0.095782
9 0.868418 0.934589 0.121271 0.100673
11 0.106016 0.044022 0.173753 0.059157
4 0.191064 0.663993 0.234779 0.230014
