9 0.131908 0.938584 0.049517 0.094282
6 0.190325 0.344244 0.231431 0.228039
9 0.376674 0.937355 0.095183 0.093589
12 0.347428 0.057965 0.125825 0.094914
5 0.499754 0.346037 0.235071 0.230371
14 0.529089 0.058623 0.115446 0.097834
7 0.808052 0.346256 0.225303 0.230037
4 0.190494 0.665571 0.226644 0.214834
3 0.495580 0.665315 0.233420 0.219082
8 0.807448 0.664528 0.228483 0.225403
13 0.741389 0.058309 0.128328 0.095268
10 0.932346 0.067594 0.089735 0.095948
9 0.621753 0.937894 0.095996 0.096165
9 0.866912 0.940432 0.119453 0.104502
11 0.106860 0.045563 0.175546 0.062102
