9 0.131847 0.938109 0.048556 0.092706
12 0.347174 0.058630 0.125123 0.093111
14 0.529506 0.060049 0.114262 0.096577
9 0.376676 0.938150 0.093523 0.095074
6 0.190469 0.343726 0.230381 0.225287
5 0.499222 0.345480 0.235317 0.228734
3 0.496143 0.663317 0.232225 0.215940
4 0.190404 0.666971 0.225014 0.208413
8 0.807321 0.662454 0.226600 0.219888
7 0.808719 0.345682 0.224054 0.224857
9 0.621122 0.938579 0.095154 0.095043
9 0.866648 0.937492 0.118078 0.098164
13 0.741717 0.058344 0.127159 0.093438
10 0.931548 0.067862 0.087665 0.095230
11 0.106724 0.045735 0.172745 0.061217
