9 0.133014 0.935952 0.049717 0.095482
6 0.191449 0.342365 0.233563 0.237698
7 0.809565 0.343085 0.225390 0.246985
13 0.743281 0.055198 0.129191 0.094756
12 0.349145 0.054261 0.126111 0.093436
9 0.377908 0.934467 0.095160 0.096555
10 0.934692 0.064200 0.090500 0.095593
5 0.502013 0.341297 0.226115 0.244928
8 0.809349 0.663336 0.230009 0.234069
3 0.498966 0.663698 0.232759 0.221153
4 0.191964 0.664025 0.228873 0.217542
9 0.623930 0.935033 0.096393 0.098938
9 0.869557 0.936392 0.119548 0.104695
14 0.530104 0.055062 0.117029 0.096258
11 0.106445 0.042687 0.175521 0.061213
