9 0.131819 0.938222 0.051107 0.094654
4 0.190941 0.665333 0.225094 0.213541
3 0.495274 0.665049 0.235071 0.219567
7 0.807781 0.346324 0.226135 0.229526
12 0.347787 0.059125 0.128181 0.094495
5 0.499470 0.346115 0.234721 0.232786
8 0.807656 0.663434 0.229790 0.223844
9 0.376743 0.936770 0.096098 0.092806
6 0.189848 0.343178 0.229183 0.225703
14 0.530215 0.058549 0.116075 0.098832
10 0.931172 0.067548 0.089326 0.096153
13 0.741799 0.058808 0.128091 0.094593
9 0.621987 0.937131 0.096808 0.094372
9 0.866974 0.939539 0.120212 0.102358
11 0.106994 0.045764 0.175339 0.062574
