12 0.380183 0.103664 0.083719 0.084030
13 0.641104 0.103962 0.089182 0.084899
6 0.274550 0.360020 0.157258 0.206809
9 0.235677 0.887362 0.034189 0.086709
10 0.768654 0.111868 0.059884 0.088044
4 0.275412 0.645605 0.154989 0.199606
7 0.686024 0.359687 0.152675 0.222130
8 0.686273 0.645778 0.152981 0.213060
9 0.724622 0.887617 0.080470 0.088010
5 0.480539 0.358687 0.151023 0.215424
14 0.499847 0.105223 0.081040 0.086355
3 0.477284 0.644671 0.156283 0.204729
9 0.562480 0.885593 0.063084 0.084858
9 0.399303 0.885752 0.062774 0.085123
11 0.219118 0.093322 0.115391 0.055620
