12 0.379858 0.103308 0.083660 0.083362
13 0.641027 0.104173 0.088323 0.084424
10 0.768787 0.111753 0.059214 0.087650
7 0.685763 0.359764 0.151674 0.219898
9 0.235690 0.886490 0.034399 0.086679
4 0.275072 0.645099 0.153303 0.198720
6 0.274417 0.359566 0.157031 0.206230
8 0.686205 0.644064 0.151234 0.210620
9 0.723915 0.887642 0.082631 0.088663
14 0.499863 0.105429 0.081313 0.086498
5 0.480525 0.357806 0.150909 0.218194
9 0.562435 0.885787 0.062790 0.084411
3 0.478047 0.644366 0.153240 0.204217
9 0.399147 0.886022 0.062795 0.084675
11 0.219618 0.093581 0.115298 0.054522
