4 0.275738 0.644188 0.154303 0.196329
13 0.642256 0.104556 0.089025 0.085617
6 0.274495 0.358527 0.157512 0.204910
12 0.379146 0.103692 0.085307 0.084672
7 0.686109 0.358837 0.152144 0.219776
8 0.687032 0.645437 0.154662 0.210527
9 0.235655 0.886190 0.033607 0.085496
9 0.725099 0.885019 0.080366 0.088170
3 0.478855 0.645177 0.154682 0.205480
5 0.481130 0.357247 0.151971 0.218612
9 0.562680 0.884149 0.063105 0.084252
14 0.500538 0.105876 0.079180 0.085990
9 0.399189 0.884200 0.063749 0.084790
10 0.767845 0.112117 0.059461 0.088664
11 0.218499 0.093948 0.116317 0.056417
