9 0.235699 0.886769 0.033661 0.085413
4 0.275559 0.644813 0.153558 0.195977
13 0.641521 0.104845 0.087613 0.084334
6 0.274640 0.358160 0.157136 0.203727
9 0.724774 0.887529 0.081194 0.086709
7 0.685829 0.358947 0.151840 0.218196
12 0.379277 0.103801 0.083919 0.084197
8 0.686760 0.644490 0.152440 0.206788
9 0.562414 0.886291 0.062462 0.083512
3 0.477645 0.644487 0.153485 0.203021
10 0.767909 0.111897 0.059153 0.087375
14 0.500364 0.106298 0.078891 0.085966
5 0.480423 0.356852 0.151266 0.216385
9 0.399327 0.886261 0.062433 0.083780
11 0.218837 0.093949 0.116394 0.054988
