7 0.809408 0.344159 0.225217 0.239116
12 0.348676 0.056679 0.124331 0.092852
9 0.132809 0.937528 0.048022 0.093264
14 0.530499 0.057985 0.114995 0.097355
5 0.501215 0.340945 0.225244 0.238831
6 0.192092 0.344226 0.231272 0.233149
3 0.499471 0.667090 0.235266 0.225150
8 0.808937 0.664984 0.229301 0.231723
9 0.377792 0.935662 0.094059 0.094078
4 0.191716 0.665219 0.226438 0.215987
13 0.744110 0.056924 0.129196 0.094538
10 0.933879 0.066708 0.086877 0.096343
9 0.623255 0.936235 0.095511 0.096720
9 0.868449 0.938932 0.120869 0.105388
11 0.107645 0.044659 0.173067 0.061338
