9 0.132844 0.937378 0.048477 0.093780
7 0.809874 0.343791 0.225159 0.241660
12 0.348874 0.055892 0.124219 0.093530
9 0.377756 0.935818 0.094333 0.094409
6 0.191161 0.344419 0.232301 0.233993
8 0.809923 0.665651 0.228615 0.235791
13 0.743738 0.056157 0.128623 0.094961
14 0.529774 0.056902 0.116219 0.097760
4 0.191529 0.664515 0.227172 0.219210
5 0.501531 0.341696 0.225981 0.241342
10 0.933926 0.065854 0.088550 0.095708
3 0.498270 0.664957 0.233104 0.222449
9 0.623334 0.935848 0.095445 0.095977
9 0.868251 0.938957 0.120755 0.105387
11 0.107993 0.044449 0.173508 0.061540
