12 0.379844 0.103424 0.083596 0.083834
13 0.641080 0.104189 0.088615 0.084419
7 0.686005 0.360105 0.152110 0.219867
10 0.768713 0.111743 0.059181 0.087458
6 0.274399 0.359651 0.157034 0.206408
9 0.235647 0.886866 0.034331 0.086526
4 0.275546 0.644973 0.154625 0.198826
8 0.686668 0.644723 0.152889 0.210943
9 0.724005 0.887732 0.082158 0.087969
14 0.499718 0.105328 0.081148 0.086563
5 0.480346 0.357987 0.150917 0.217967
9 0.562415 0.885993 0.062804 0.084466
3 0.476553 0.644014 0.155571 0.202783
9 0.399101 0.886163 0.062806 0.084420
11 0.219664 0.093381 0.115220 0.054611
