6 0.191749 0.342383 0.232901 0.235870
9 0.132919 0.935665 0.049549 0.095103
7 0.809523 0.343250 0.225125 0.246636
5 0.501653 0.340577 0.228549 0.241229
12 0.348366 0.054932 0.127288 0.092746
3 0.499585 0.663884 0.236619 0.224453
9 0.377924 0.935329 0.095146 0.096814
13 0.745050 0.055381 0.133203 0.095171
4 0.192239 0.664489 0.226200 0.216225
8 0.809246 0.662788 0.229676 0.232586
9 0.623325 0.935462 0.096128 0.099128
10 0.934032 0.064242 0.089853 0.097464
9 0.869554 0.936334 0.120115 0.104273
14 0.530844 0.055107 0.116412 0.096529
11 0.106294 0.042945 0.174473 0.060959
