7 0.686175 0.360031 0.153402 0.219960
6 0.274671 0.358907 0.157312 0.203620
9 0.235506 0.885635 0.034815 0.085145
5 0.480667 0.359209 0.152825 0.219579
12 0.379558 0.103626 0.083868 0.083553
13 0.641468 0.104459 0.087419 0.083743
4 0.275746 0.645638 0.153878 0.199937
8 0.686332 0.643975 0.152833 0.210782
3 0.478252 0.644273 0.154120 0.203100
14 0.500710 0.105783 0.079094 0.085265
10 0.768552 0.112354 0.057963 0.085732
9 0.724950 0.887155 0.082812 0.087846
9 0.562652 0.885419 0.063232 0.083401
9 0.399347 0.885512 0.063291 0.083775
11 0.218859 0.094172 0.116601 0.054699
