7 0.809189 0.345525 0.226471 0.241212
5 0.500354 0.343902 0.226856 0.243706
9 0.131870 0.936312 0.050590 0.095404
6 0.190801 0.344941 0.230695 0.230394
12 0.348680 0.057616 0.127389 0.092527
3 0.496980 0.663755 0.234195 0.222253
8 0.809223 0.665031 0.229876 0.232905
10 0.933118 0.067447 0.088092 0.095478
13 0.743399 0.058229 0.129971 0.093477
9 0.377181 0.935438 0.095590 0.095817
9 0.622855 0.935829 0.096663 0.097887
9 0.868467 0.937095 0.122182 0.103067
14 0.530446 0.058066 0.115947 0.094810
4 0.191162 0.664971 0.235162 0.227856
11 0.105906 0.045956 0.174472 0.058812
