9 0.131869 0.937880 0.048560 0.092253
7 0.808204 0.345002 0.224880 0.239230
12 0.348002 0.056657 0.126920 0.094423
9 0.377038 0.938078 0.093651 0.095114
14 0.529790 0.058121 0.115704 0.098082
8 0.808256 0.664796 0.226102 0.232658
5 0.499445 0.341716 0.225400 0.239436
13 0.742659 0.056983 0.129184 0.094478
6 0.189871 0.343521 0.239211 0.224286
4 0.190339 0.667394 0.228787 0.212852
3 0.496286 0.664225 0.232000 0.223748
10 0.932267 0.066817 0.088413 0.096525
9 0.621634 0.938462 0.095219 0.095353
9 0.867338 0.936778 0.118221 0.098452
11 0.106934 0.044976 0.173357 0.061740
