7 0.808309 0.345452 0.225677 0.239260
12 0.348223 0.056858 0.126452 0.094239
9 0.132196 0.938955 0.047958 0.092510
14 0.529836 0.058575 0.115311 0.097699
8 0.808057 0.665944 0.228497 0.231827
5 0.500448 0.342563 0.225455 0.237593
9 0.376865 0.937913 0.093871 0.091978
6 0.190081 0.343742 0.238696 0.224347
13 0.742659 0.057015 0.128703 0.094435
4 0.190745 0.667212 0.229528 0.213040
3 0.496535 0.665135 0.231842 0.225186
10 0.932349 0.066840 0.087556 0.096118
9 0.867395 0.940390 0.119460 0.104616
9 0.622028 0.938577 0.094557 0.094913
11 0.106889 0.045016 0.172999 0.061735
