7 0.809681 0.344160 0.226960 0.247832
9 0.132170 0.935659 0.054169 0.097041
5 0.500401 0.344620 0.227236 0.245420
6 0.191324 0.343940 0.232110 0.234489
3 0.496998 0.664722 0.237595 0.226244
13 0.742392 0.057575 0.129745 0.096208
8 0.809413 0.664605 0.230668 0.237260
9 0.377579 0.934093 0.097433 0.097064
12 0.349141 0.057903 0.131367 0.094467
9 0.868991 0.935574 0.121848 0.103688
4 0.191186 0.661805 0.236811 0.232218
10 0.933574 0.067192 0.089867 0.097132
9 0.623364 0.933865 0.097781 0.097530
14 0.530194 0.058728 0.116756 0.098252
11 0.106348 0.045168 0.176356 0.060819
