8 0.538502 0.611408 0.150515 0.196972
6 0.127676 0.328839 0.152482 0.202028
13 0.494547 0.076875 0.085600 0.085423
4 0.127444 0.613113 0.149685 0.188763
3 0.331022 0.612139 0.156089 0.195182
9 0.414818 0.856407 0.061679 0.083661
7 0.538060 0.332039 0.150299 0.202299
9 0.088323 0.857958 0.032972 0.081950
9 0.251330 0.856537 0.062174 0.082334
9 0.577770 0.856390 0.077903 0.086922
14 0.353170 0.076304 0.077296 0.085948
12 0.232529 0.075980 0.084994 0.086820
5 0.332696 0.333309 0.157234 0.203796
10 0.621059 0.084642 0.059144 0.085954
11 0.067516 0.065860 0.122037 0.054715
