6 0.258428 0.339223 0.154821 0.204242
7 0.669245 0.337858 0.151366 0.202189
4 0.258219 0.625374 0.153117 0.193726
9 0.545380 0.866601 0.063063 0.082894
8 0.668475 0.622497 0.151536 0.195009
9 0.381493 0.866940 0.062729 0.083082
3 0.461665 0.624141 0.158912 0.192521
13 0.624576 0.084415 0.085903 0.086246
12 0.362272 0.082621 0.085662 0.088006
5 0.462953 0.340892 0.158976 0.207997
9 0.218459 0.867008 0.032168 0.080921
9 0.708226 0.866559 0.075326 0.082888
14 0.483105 0.085038 0.078174 0.086967
11 0.200681 0.075662 0.115392 0.053968
10 0.751027 0.093406 0.059937 0.087715
