9 0.131909 0.938588 0.049512 0.094299
6 0.190327 0.344282 0.231570 0.228468
9 0.376674 0.937353 0.095189 0.093608
12 0.347437 0.057891 0.125865 0.094843
4 0.190501 0.665617 0.226683 0.215306
7 0.808196 0.345959 0.225423 0.230877
14 0.529059 0.058559 0.115609 0.097960
3 0.495466 0.665299 0.233148 0.219609
5 0.499817 0.344816 0.235414 0.231626
8 0.807497 0.664520 0.228489 0.225897
13 0.741443 0.058335 0.128524 0.095525
10 0.932143 0.067495 0.089832 0.095928
9 0.621755 0.937891 0.095992 0.096188
9 0.866907 0.940419 0.119429 0.104507
11 0.106892 0.045531 0.175518 0.062112
