4 0.258389 0.623996 0.152676 0.190630
12 0.362620 0.081132 0.084743 0.086385
8 0.668967 0.620145 0.151115 0.197428
7 0.669675 0.336171 0.151300 0.203448
13 0.624043 0.084331 0.086818 0.083958
6 0.258154 0.337726 0.153864 0.202452
9 0.545492 0.865187 0.063084 0.084074
3 0.461083 0.621938 0.158336 0.193320
5 0.463008 0.339500 0.158061 0.207237
9 0.218419 0.864989 0.031925 0.079949
10 0.751785 0.092869 0.059090 0.085037
14 0.482744 0.084278 0.078128 0.085847
9 0.707497 0.864889 0.075370 0.083241
9 0.381610 0.865379 0.062796 0.083447
11 0.200786 0.073438 0.117132 0.054392
