9 0.131624 0.937668 0.050124 0.093417
7 0.808510 0.345511 0.226312 0.229822
12 0.347517 0.058139 0.125971 0.093788
3 0.496400 0.663492 0.232687 0.217137
4 0.190873 0.665729 0.224527 0.214157
14 0.529538 0.058341 0.114558 0.098403
9 0.377128 0.937668 0.094850 0.095379
6 0.189971 0.343593 0.230024 0.226417
5 0.500704 0.345162 0.234158 0.229955
8 0.807790 0.663068 0.229187 0.223780
10 0.931371 0.067519 0.088061 0.095551
13 0.741543 0.058020 0.127449 0.095480
9 0.866700 0.937461 0.118269 0.097251
9 0.621917 0.936837 0.095048 0.093193
11 0.106926 0.045227 0.172609 0.060845
