4 0.127645 0.612316 0.150869 0.190199
3 0.332012 0.611304 0.156037 0.195242
6 0.127658 0.330322 0.150464 0.201571
5 0.333079 0.333157 0.157452 0.204565
9 0.414902 0.856028 0.062661 0.082213
8 0.538505 0.609831 0.151339 0.193971
9 0.088480 0.857312 0.033950 0.081386
13 0.494581 0.076838 0.085668 0.085504
7 0.538099 0.332370 0.150306 0.200332
10 0.620786 0.085132 0.058521 0.084742
9 0.251378 0.856085 0.063148 0.081806
14 0.352552 0.076842 0.077950 0.086251
9 0.577823 0.856687 0.079812 0.087397
12 0.232264 0.076044 0.084855 0.086725
11 0.069150 0.065963 0.119059 0.054078
