4 0.127523 0.612440 0.151249 0.189901
3 0.331678 0.611462 0.156695 0.196392
5 0.333207 0.332944 0.157693 0.205135
9 0.414864 0.855603 0.062819 0.082682
6 0.127537 0.330382 0.150784 0.202899
13 0.494976 0.076752 0.086254 0.085019
9 0.088490 0.856520 0.034253 0.081696
7 0.537864 0.332236 0.150489 0.202076
8 0.538392 0.609614 0.151500 0.194373
9 0.251451 0.855836 0.063736 0.082631
10 0.620713 0.085361 0.059071 0.085411
9 0.577592 0.856223 0.079955 0.088082
14 0.352933 0.076674 0.078697 0.085572
12 0.231898 0.076067 0.084710 0.086020
11 0.069214 0.066030 0.118598 0.055011
