8 0.538434 0.611118 0.150405 0.196728
6 0.127483 0.328980 0.152843 0.202248
13 0.494396 0.076914 0.085283 0.085598
4 0.127299 0.612814 0.149250 0.188228
9 0.414607 0.856209 0.061913 0.083528
3 0.330868 0.611930 0.155852 0.194664
7 0.538090 0.331980 0.150776 0.201244
9 0.251147 0.856638 0.062498 0.082834
14 0.352844 0.076518 0.077004 0.085942
9 0.577684 0.856301 0.077264 0.086775
9 0.088435 0.857977 0.032975 0.081891
5 0.332689 0.333106 0.157439 0.204243
12 0.232448 0.076190 0.084869 0.086950
10 0.621088 0.084654 0.059135 0.085987
11 0.066665 0.065645 0.123923 0.055121
