9 0.131824 0.938218 0.051121 0.094674
7 0.807883 0.345993 0.226604 0.231164
4 0.191031 0.665465 0.225206 0.213772
3 0.495894 0.665143 0.234907 0.220212
12 0.347792 0.059038 0.128269 0.094723
5 0.500973 0.345250 0.234039 0.230712
6 0.189979 0.343324 0.229664 0.226451
8 0.807693 0.663741 0.230080 0.225227
9 0.377174 0.937986 0.096018 0.094796
14 0.530263 0.058420 0.116213 0.099089
10 0.931239 0.067412 0.089857 0.097203
13 0.741848 0.058787 0.128387 0.094951
9 0.621986 0.937120 0.096809 0.094407
9 0.866974 0.939558 0.120224 0.102445
11 0.107035 0.045704 0.175433 0.062617
