9 0.131641 0.937720 0.050232 0.093705
7 0.808515 0.345365 0.225788 0.229050
12 0.347309 0.058069 0.125373 0.093578
3 0.496486 0.663468 0.232271 0.217212
4 0.190770 0.665388 0.224372 0.213645
9 0.377203 0.937740 0.094745 0.095656
14 0.529664 0.059466 0.114419 0.096153
5 0.500820 0.345470 0.234021 0.229762
8 0.807807 0.662832 0.228639 0.222907
6 0.189940 0.343568 0.229697 0.225777
10 0.931415 0.067537 0.087777 0.095844
13 0.741827 0.057975 0.127578 0.094662
9 0.867221 0.937568 0.117708 0.096491
9 0.621835 0.936875 0.095051 0.093471
11 0.107001 0.045327 0.172509 0.060730
