13 0.494682 0.077244 0.085800 0.086662
4 0.127791 0.613549 0.149097 0.185690
5 0.333297 0.332899 0.158391 0.207320
7 0.538233 0.332053 0.149881 0.198747
3 0.331367 0.612049 0.155798 0.194511
8 0.538166 0.611633 0.151076 0.197109
9 0.088213 0.857517 0.032764 0.080993
6 0.127756 0.329238 0.152690 0.200555
9 0.414544 0.856449 0.061623 0.083591
9 0.251412 0.856674 0.062074 0.082310
10 0.620985 0.085598 0.058728 0.085391
9 0.578218 0.856410 0.078580 0.086596
12 0.232349 0.076521 0.084707 0.086590
14 0.352472 0.076999 0.077751 0.086293
11 0.069482 0.066195 0.117825 0.054609
