9 0.131819 0.938668 0.049125 0.093665
6 0.190572 0.344536 0.231368 0.227899
14 0.529452 0.058556 0.115187 0.098669
9 0.376738 0.937217 0.094819 0.092956
12 0.346635 0.058680 0.127387 0.094360
8 0.807018 0.663210 0.227910 0.222657
3 0.496322 0.664595 0.233098 0.219312
4 0.190603 0.667329 0.226129 0.210566
7 0.808571 0.346337 0.225073 0.229233
5 0.500940 0.344397 0.235790 0.232690
13 0.742384 0.058807 0.129553 0.094230
10 0.930976 0.067368 0.089510 0.096617
9 0.621792 0.937834 0.095152 0.095581
9 0.867079 0.940019 0.119684 0.103125
11 0.106320 0.045736 0.174104 0.062462
