6 0.258352 0.338735 0.153493 0.204060
4 0.259067 0.625783 0.153152 0.192549
7 0.669710 0.337875 0.151771 0.203094
9 0.545305 0.866073 0.064025 0.083631
9 0.381545 0.866114 0.063880 0.082864
9 0.218707 0.865932 0.033484 0.079738
3 0.462008 0.624245 0.158985 0.195441
5 0.463024 0.341507 0.158866 0.210553
13 0.624433 0.084190 0.086614 0.085096
14 0.483546 0.084673 0.079113 0.086165
8 0.668967 0.621580 0.151986 0.199787
12 0.362303 0.081930 0.085912 0.088455
10 0.750981 0.093049 0.059605 0.086725
9 0.707905 0.866155 0.076088 0.082925
11 0.201073 0.075118 0.115778 0.053564
