4 0.127507 0.612090 0.150434 0.189075
3 0.331891 0.611290 0.156346 0.195211
6 0.127399 0.330555 0.151026 0.201813
5 0.333098 0.333030 0.157639 0.204855
9 0.414616 0.855751 0.062586 0.082136
8 0.538628 0.609741 0.151349 0.194468
9 0.088591 0.857470 0.034036 0.081815
7 0.538194 0.332486 0.150847 0.199853
13 0.494429 0.076683 0.085632 0.085791
10 0.620863 0.085084 0.058415 0.084686
9 0.251048 0.856105 0.063464 0.082607
14 0.352719 0.076924 0.077901 0.086200
9 0.577707 0.856667 0.079146 0.086688
12 0.232199 0.076247 0.084608 0.086721
11 0.068480 0.065857 0.120404 0.054152
