4 0.258839 0.623753 0.151076 0.190243
6 0.259056 0.338567 0.151450 0.202988
7 0.668493 0.336521 0.147565 0.201000
8 0.668142 0.621272 0.150297 0.198011
9 0.545694 0.865760 0.062896 0.084191
3 0.461247 0.623215 0.157889 0.193801
9 0.381797 0.866171 0.063115 0.083852
13 0.624258 0.084277 0.085569 0.084678
9 0.708036 0.865278 0.075315 0.082562
12 0.362280 0.082766 0.085531 0.085924
9 0.218114 0.865694 0.032037 0.079889
5 0.463158 0.339380 0.158215 0.206235
14 0.482981 0.085369 0.078027 0.085686
11 0.200700 0.073976 0.115510 0.054489
10 0.751272 0.093683 0.058964 0.085691
