4 0.259232 0.623793 0.151816 0.191089
9 0.218435 0.864306 0.033189 0.077867
9 0.545538 0.865592 0.063732 0.084622
6 0.259473 0.337579 0.152273 0.202503
3 0.461957 0.622693 0.158455 0.196710
13 0.624341 0.084034 0.086444 0.083926
7 0.669619 0.336546 0.150164 0.202780
9 0.381676 0.865647 0.063950 0.083842
12 0.362271 0.081952 0.085673 0.086265
5 0.463155 0.340940 0.158579 0.209008
8 0.669198 0.620442 0.151842 0.201274
14 0.482856 0.085025 0.078149 0.085246
9 0.707655 0.865088 0.075991 0.082764
11 0.200689 0.073817 0.114790 0.052211
10 0.751076 0.093853 0.059129 0.084414
