13 0.494575 0.077235 0.085450 0.086851
4 0.127792 0.613602 0.149090 0.185025
7 0.538251 0.331986 0.150613 0.198227
5 0.333324 0.332847 0.158630 0.207673
3 0.331326 0.611825 0.155843 0.193840
8 0.538265 0.611393 0.151174 0.196740
6 0.127672 0.329397 0.152891 0.200827
9 0.414587 0.856457 0.061689 0.083417
9 0.088334 0.857488 0.032735 0.080966
9 0.251435 0.856693 0.062270 0.082335
10 0.621008 0.085476 0.058611 0.085171
9 0.578229 0.856359 0.078147 0.086538
14 0.352373 0.077060 0.077500 0.086160
12 0.232242 0.076704 0.084556 0.086623
11 0.069128 0.066135 0.118487 0.054672
