13 0.495044 0.076990 0.086401 0.085954
4 0.127830 0.613698 0.149178 0.185945
3 0.331052 0.612029 0.156978 0.195525
5 0.333370 0.332605 0.158718 0.207555
7 0.538146 0.331909 0.150056 0.199736
8 0.538087 0.611538 0.151309 0.198249
9 0.088255 0.856815 0.033154 0.081221
9 0.414714 0.856168 0.061938 0.083695
6 0.127579 0.329269 0.152340 0.202010
9 0.251505 0.856541 0.062744 0.083237
9 0.577914 0.855878 0.078679 0.087096
10 0.621082 0.085715 0.059310 0.085936
14 0.352874 0.076924 0.078769 0.085669
12 0.232264 0.076495 0.084852 0.085675
11 0.069361 0.066239 0.117904 0.054765
