8 0.538321 0.611301 0.150422 0.197570
6 0.127477 0.329174 0.152541 0.203520
13 0.494559 0.077209 0.085456 0.085066
9 0.414837 0.855995 0.061811 0.083480
4 0.127484 0.613373 0.150002 0.189026
3 0.330934 0.612090 0.156907 0.196340
7 0.538180 0.332481 0.149780 0.203550
14 0.353223 0.076501 0.078057 0.085207
9 0.251411 0.856435 0.062527 0.082691
9 0.088379 0.857544 0.033400 0.082302
9 0.577484 0.855854 0.078548 0.087624
12 0.232541 0.075982 0.085182 0.086005
10 0.621097 0.084787 0.059497 0.085818
5 0.332996 0.332813 0.157606 0.204549
11 0.067400 0.064763 0.121576 0.054039
