9 0.131709 0.937925 0.049121 0.092879
12 0.347557 0.057519 0.124804 0.093909
6 0.190374 0.344031 0.232030 0.226961
7 0.808639 0.345126 0.225206 0.229392
9 0.376789 0.937865 0.094018 0.095885
4 0.190323 0.665581 0.226057 0.214268
5 0.499914 0.345135 0.236132 0.230426
14 0.528852 0.058406 0.114637 0.097544
3 0.495500 0.663911 0.233023 0.216976
8 0.808040 0.663095 0.225722 0.224377
10 0.931757 0.067467 0.088478 0.095750
13 0.741609 0.057486 0.126936 0.094768
9 0.866618 0.936913 0.118580 0.097934
9 0.621213 0.938001 0.095533 0.095359
11 0.106806 0.045702 0.173517 0.061578
