6 0.257613 0.338990 0.153815 0.204981
7 0.669413 0.337788 0.151775 0.204685
4 0.258173 0.626451 0.152893 0.191652
13 0.624534 0.084008 0.087095 0.085179
8 0.668749 0.622479 0.151653 0.197918
12 0.362678 0.081039 0.085676 0.088544
9 0.545290 0.866096 0.063567 0.083555
9 0.381420 0.866601 0.063008 0.083565
3 0.460953 0.624108 0.159094 0.194234
9 0.218863 0.867272 0.033053 0.079502
5 0.462933 0.340110 0.158609 0.208431
14 0.483146 0.084339 0.078193 0.086062
10 0.751697 0.092844 0.059451 0.085654
9 0.707984 0.866283 0.075028 0.083302
11 0.200393 0.073235 0.117072 0.054520
