9 0.131771 0.938106 0.049049 0.093342
12 0.347483 0.057534 0.124775 0.094031
6 0.189941 0.344137 0.231301 0.226514
7 0.808815 0.344749 0.224447 0.228063
9 0.376804 0.937998 0.094057 0.096001
5 0.500128 0.345209 0.236030 0.230258
4 0.190261 0.665265 0.225909 0.213979
3 0.495801 0.663620 0.232584 0.216896
14 0.528902 0.058520 0.114981 0.096019
8 0.808036 0.662856 0.225189 0.223900
13 0.741879 0.057755 0.127637 0.094675
10 0.931828 0.067500 0.088516 0.095720
9 0.866436 0.936918 0.118105 0.098285
9 0.621208 0.938173 0.095522 0.095647
11 0.106754 0.045596 0.174009 0.061488
