6 0.258717 0.338244 0.154192 0.202791
7 0.669241 0.337095 0.149791 0.201741
4 0.258573 0.624359 0.152389 0.190803
8 0.668224 0.621394 0.150619 0.197725
9 0.545625 0.865590 0.062861 0.083853
3 0.461317 0.623481 0.158110 0.193810
13 0.624253 0.084254 0.085710 0.085115
9 0.381771 0.866158 0.062825 0.083804
12 0.362312 0.082455 0.085508 0.086177
9 0.707945 0.865392 0.075298 0.082846
5 0.463066 0.340131 0.158606 0.206615
9 0.218206 0.865582 0.032153 0.080010
14 0.483015 0.085148 0.078096 0.086170
11 0.200718 0.073716 0.115497 0.054922
10 0.751260 0.093421 0.059371 0.086422
