9 0.131851 0.938108 0.048553 0.092708
12 0.347177 0.058550 0.125144 0.093188
14 0.529490 0.059908 0.114260 0.096560
9 0.376697 0.938145 0.093544 0.095116
6 0.190394 0.343799 0.230273 0.225953
3 0.496500 0.663350 0.232152 0.216327
5 0.500799 0.344918 0.235404 0.231843
4 0.190464 0.667076 0.224975 0.208726
8 0.807304 0.662542 0.226793 0.220616
7 0.808848 0.345421 0.224164 0.225945
9 0.621114 0.938578 0.095171 0.095073
9 0.866649 0.937489 0.118077 0.098200
13 0.741772 0.058283 0.127287 0.093712
10 0.931822 0.067946 0.087019 0.095041
11 0.106825 0.045679 0.172810 0.061353
