4 0.258737 0.624339 0.151410 0.191068
6 0.258602 0.337953 0.150875 0.202814
8 0.668445 0.621016 0.150266 0.198994
7 0.669008 0.336517 0.148100 0.203309
9 0.545585 0.865504 0.063181 0.084531
13 0.624092 0.084142 0.086619 0.083732
12 0.362692 0.081409 0.085477 0.086124
3 0.461192 0.622291 0.158671 0.194578
9 0.218261 0.865625 0.032498 0.080034
9 0.381699 0.866123 0.063401 0.084222
5 0.463015 0.340271 0.158747 0.208231
9 0.707595 0.865433 0.075245 0.083438
11 0.200299 0.073753 0.116728 0.054715
14 0.482695 0.084744 0.078731 0.085027
10 0.751563 0.092658 0.059466 0.084729
