4 0.259017 0.623736 0.152830 0.190141
12 0.362042 0.081683 0.084913 0.086422
7 0.669643 0.336142 0.150790 0.201265
9 0.545456 0.865154 0.063500 0.084132
6 0.258568 0.337598 0.153913 0.201999
3 0.461836 0.621929 0.157852 0.194829
9 0.218440 0.864113 0.032734 0.078343
13 0.624301 0.084121 0.086616 0.084096
5 0.463124 0.340272 0.158391 0.208142
8 0.669520 0.619543 0.151669 0.199920
9 0.381647 0.865045 0.063691 0.083349
14 0.483017 0.084820 0.077791 0.085811
10 0.751511 0.093788 0.058802 0.085425
11 0.201199 0.073460 0.115463 0.052400
9 0.707634 0.864632 0.076023 0.082690
