9 0.131737 0.937889 0.048650 0.092274
12 0.347035 0.058490 0.125553 0.093583
14 0.529416 0.059607 0.114719 0.097611
9 0.376721 0.938037 0.093618 0.094976
6 0.190948 0.343896 0.231956 0.226154
3 0.496592 0.663492 0.233208 0.216479
4 0.190496 0.666956 0.225374 0.209361
8 0.807741 0.662239 0.225452 0.222031
7 0.808446 0.345671 0.225209 0.226945
5 0.500362 0.344736 0.236043 0.231345
9 0.621147 0.938512 0.095330 0.094761
9 0.866758 0.937447 0.118313 0.097794
13 0.742090 0.058456 0.128466 0.093585
10 0.931475 0.067791 0.088253 0.095742
11 0.106966 0.045691 0.172898 0.061661
