17 0.578037 0.503383 0.338070 0.638295
1 0.365796 0.756567 0.038962 0.073783
12 0.558735 0.103321 0.084352 0.081411
21 0.365664 0.635361 0.037772 0.066175
15 0.365545 0.256935 0.035694 0.074474
16 0.872052 0.503050 0.227970 0.639886
22 0.364717 0.507168 0.046081 0.081567
9 0.713015 0.872082 0.031008 0.055617
9 0.886278 0.871306 0.032988 0.055125
13 0.821037 0.103636 0.085929 0.082502
9 0.506820 0.871456 0.031812 0.055832
2 0.365516 0.872903 0.043306 0.055677
9 0.822934 0.871979 0.033309 0.056016
9 0.949143 0.871093 0.031077 0.053401
9 0.443543 0.871219 0.031294 0.055235
11 0.396319 0.091952 0.115401 0.051614
9 0.570571 0.871331 0.061998 0.057581
0 0.365115 0.381387 0.052783 0.072900
10 0.946661 0.111885 0.058096 0.084830
14 0.678508 0.104082 0.074846 0.082693
9 0.633321 0.871591 0.061402 0.056438
9 0.760102 0.871960 0.031674 0.055473
9 0.680974 0.872024 0.030524 0.054525
9 0.647635 0.872375 0.032724 0.055979
