15 0.060292 0.249454 0.054108 0.079735
16 0.822828 0.521357 0.349643 0.702707
2 0.060332 0.939151 0.063361 0.084859
10 0.932687 0.091393 0.086792 0.092225
9 0.650516 0.947407 0.057119 0.102028
9 0.744429 0.938394 0.092262 0.084391
12 0.348964 0.082162 0.124134 0.087966
17 0.374567 0.519598 0.518153 0.699318
9 0.533450 0.938940 0.046774 0.084064
9 0.367183 0.938249 0.090617 0.087234
9 0.581015 0.939140 0.046468 0.083940
9 0.841023 0.938721 0.088896 0.085884
9 0.462863 0.938529 0.090964 0.086908
9 0.936016 0.939045 0.047836 0.086457
11 0.105345 0.070920 0.173298 0.056323
14 0.529990 0.082999 0.113190 0.088739
1 0.060745 0.799360 0.060842 0.085958
9 0.177424 0.940293 0.048095 0.090031
21 0.059839 0.665668 0.057421 0.075596
9 0.271281 0.938592 0.047763 0.085968
13 0.743298 0.082760 0.127268 0.088906
0 0.059336 0.386326 0.078624 0.080059
22 0.058132 0.526041 0.069919 0.086003
23 0.363711 0.405460 0.510601 0.047880
