15 0.060419 0.230017 0.054912 0.080859
2 0.060050 0.936586 0.063329 0.087654
9 0.463273 0.936476 0.090611 0.090034
12 0.348772 0.057955 0.124445 0.090010
9 0.581765 0.937042 0.046635 0.089840
16 0.823012 0.507863 0.349016 0.725093
9 0.534166 0.936943 0.046587 0.087658
9 0.367598 0.935593 0.091313 0.090509
17 0.385379 0.509173 0.485584 0.723781
21 0.060107 0.655928 0.056587 0.077685
9 0.177733 0.937594 0.048136 0.092877
9 0.936457 0.936380 0.048082 0.089517
9 0.841910 0.936436 0.088871 0.088484
9 0.746514 0.936459 0.093172 0.089250
10 0.933146 0.067662 0.085845 0.094973
22 0.057469 0.511202 0.070169 0.087900
9 0.650646 0.944768 0.057997 0.104668
9 0.271868 0.937063 0.047911 0.090313
23 0.391099 0.389135 0.422919 0.035874
14 0.530091 0.058145 0.113320 0.093176
0 0.059355 0.369102 0.079627 0.084792
13 0.743827 0.058315 0.127847 0.090964
1 0.060629 0.792346 0.060975 0.088093
11 0.106968 0.046166 0.172363 0.059544
