10 0.620884 0.085014 0.057355 0.083786
9 0.386842 0.856069 0.030482 0.076570
17 0.254491 0.476084 0.326342 0.627027
15 0.040096 0.229396 0.035847 0.073247
9 0.432653 0.865031 0.038818 0.092728
9 0.497337 0.856309 0.061457 0.077534
9 0.622924 0.856307 0.031950 0.076382
9 0.355043 0.856394 0.030606 0.077658
16 0.544456 0.475519 0.226394 0.631988
9 0.245203 0.855722 0.061036 0.078146
13 0.494458 0.075277 0.083910 0.082740
9 0.307907 0.856179 0.060217 0.078697
9 0.181048 0.855664 0.032996 0.077706
1 0.039327 0.729591 0.041127 0.078402
2 0.039805 0.856307 0.043516 0.077755
9 0.117818 0.855787 0.032786 0.078244
9 0.560277 0.856767 0.058291 0.078253
22 0.039658 0.479516 0.046521 0.079726
14 0.352357 0.075811 0.075216 0.085410
0 0.039785 0.354137 0.055814 0.076478
21 0.039583 0.607883 0.038999 0.069405
12 0.231581 0.075816 0.081724 0.085262
11 0.070183 0.065248 0.116103 0.049821
23 0.253611 0.371535 0.297539 0.032436
