22 0.039332 0.476602 0.044612 0.079294
13 0.495116 0.070985 0.085313 0.084778
15 0.040439 0.224069 0.036096 0.074028
10 0.620865 0.080316 0.058840 0.085397
17 0.244734 0.472725 0.337583 0.632829
9 0.623289 0.855381 0.033765 0.078917
2 0.040020 0.854660 0.043592 0.079193
9 0.386769 0.854278 0.031017 0.077050
9 0.497371 0.854600 0.060221 0.077880
9 0.433073 0.862804 0.038971 0.092866
9 0.559849 0.855244 0.059626 0.078852
9 0.355380 0.854325 0.030566 0.077690
9 0.181065 0.854333 0.033617 0.078824
9 0.244805 0.854280 0.060860 0.079735
1 0.040167 0.727714 0.040627 0.077763
9 0.308035 0.854797 0.059794 0.077949
19 0.549671 0.559196 0.195307 0.048780
9 0.117715 0.854551 0.032967 0.079397
21 0.039627 0.606008 0.038978 0.067537
18 0.547155 0.606727 0.197710 0.044835
0 0.040055 0.348966 0.053196 0.076185
14 0.352411 0.070932 0.075666 0.084237
11 0.070038 0.060218 0.114744 0.052212
12 0.231845 0.070216 0.082734 0.082727
20 0.496201 0.286690 0.098305 0.042408
23 0.246639 0.367286 0.317853 0.037378
