17 0.421993 0.501508 0.338420 0.632580
2 0.215590 0.880808 0.041719 0.077991
9 0.420263 0.880081 0.061274 0.077037
9 0.608947 0.887027 0.036316 0.085364
9 0.484089 0.881054 0.060138 0.075741
1 0.216282 0.755258 0.039787 0.078720
9 0.562515 0.881177 0.030468 0.074293
9 0.799077 0.882346 0.033275 0.077616
9 0.293818 0.881961 0.032129 0.078827
15 0.216031 0.253291 0.034742 0.071719
9 0.531098 0.882040 0.030254 0.076459
12 0.408747 0.099666 0.084169 0.083422
14 0.529384 0.099764 0.076398 0.085414
10 0.796767 0.108464 0.059528 0.087189
9 0.356664 0.881293 0.031938 0.078141
0 0.215582 0.378073 0.052808 0.076019
13 0.670366 0.100025 0.086485 0.084743
11 0.246594 0.088593 0.116907 0.052053
22 0.214842 0.505088 0.045066 0.076882
20 0.672186 0.314688 0.096481 0.043898
9 0.736037 0.881148 0.057769 0.076772
9 0.673028 0.880559 0.059576 0.075227
21 0.215539 0.633883 0.037678 0.068815
19 0.727095 0.587710 0.194834 0.049044
23 0.424018 0.394772 0.323006 0.035513
18 0.727735 0.637251 0.199152 0.045802
