15 0.060462 0.249530 0.055411 0.080118
2 0.060220 0.938584 0.063966 0.086319
9 0.745138 0.938827 0.093838 0.084642
17 0.372330 0.528061 0.518885 0.707257
10 0.932436 0.091815 0.085296 0.091168
9 0.841342 0.939291 0.088435 0.085720
9 0.650835 0.947559 0.057250 0.101811
9 0.462915 0.938444 0.091143 0.086556
9 0.533532 0.939266 0.046903 0.084444
9 0.367355 0.938415 0.091260 0.087174
9 0.581280 0.939385 0.046874 0.084708
12 0.348445 0.082768 0.124385 0.088088
9 0.177509 0.940146 0.048854 0.089461
9 0.936274 0.938952 0.048933 0.086681
9 0.271242 0.938539 0.048729 0.086134
16 0.822903 0.519930 0.351728 0.694099
11 0.106227 0.070690 0.171712 0.056477
1 0.060867 0.799916 0.060125 0.084475
14 0.530147 0.082858 0.112474 0.088665
0 0.059223 0.386681 0.080042 0.081169
13 0.743075 0.082852 0.127427 0.088768
23 0.374172 0.406336 0.521134 0.046392
21 0.060285 0.666141 0.057761 0.075124
22 0.059164 0.526170 0.071200 0.087492
