9 0.420802 0.879668 0.061559 0.080491
9 0.562906 0.880919 0.030720 0.078479
2 0.216148 0.879918 0.041572 0.079240
9 0.609247 0.886261 0.037276 0.088723
16 0.720984 0.500036 0.224950 0.644697
17 0.434895 0.499126 0.320825 0.635805
22 0.215195 0.501715 0.043188 0.076350
9 0.484369 0.880474 0.059403 0.078913
12 0.408836 0.096167 0.084482 0.084043
13 0.670418 0.096506 0.085716 0.082876
14 0.529419 0.096237 0.076474 0.083864
1 0.216430 0.753042 0.040074 0.078174
15 0.216332 0.249666 0.036191 0.073772
9 0.531315 0.881292 0.030551 0.078785
9 0.294535 0.880796 0.031520 0.079854
9 0.799301 0.881180 0.031627 0.080399
10 0.797289 0.104405 0.059060 0.085892
9 0.357073 0.880178 0.031270 0.080180
0 0.216419 0.375510 0.050958 0.076143
9 0.736943 0.880125 0.057661 0.079079
9 0.673634 0.881110 0.061076 0.079271
23 0.431278 0.393549 0.297730 0.030664
21 0.215905 0.632019 0.037406 0.069401
11 0.247186 0.084736 0.115823 0.053294
