15 0.060106 0.249142 0.054964 0.079822
16 0.822801 0.522497 0.348420 0.702474
2 0.059956 0.938620 0.063658 0.086399
9 0.841645 0.939401 0.088757 0.087936
9 0.533636 0.939614 0.046330 0.085909
17 0.372211 0.525863 0.518892 0.703699
9 0.745780 0.938734 0.092704 0.086886
9 0.936103 0.939970 0.048954 0.088442
9 0.581252 0.940246 0.047204 0.086676
9 0.367150 0.938440 0.091929 0.089016
9 0.650587 0.947309 0.058378 0.102365
10 0.932648 0.091839 0.088155 0.093207
9 0.462921 0.938669 0.091572 0.088241
9 0.177950 0.940417 0.048780 0.090836
9 0.271614 0.939553 0.049039 0.087026
12 0.347743 0.082642 0.126226 0.088804
21 0.059891 0.666139 0.058055 0.077454
1 0.060648 0.799898 0.060986 0.087092
11 0.105558 0.070448 0.173198 0.056587
0 0.059298 0.386190 0.079921 0.081153
14 0.530083 0.083390 0.115055 0.089097
13 0.743130 0.083155 0.128453 0.088644
22 0.057983 0.525854 0.070923 0.086586
23 0.375311 0.405870 0.520706 0.047487
