22 0.038860 0.476468 0.045005 0.079594
15 0.039864 0.224575 0.036424 0.073480
17 0.246151 0.473131 0.345952 0.641809
16 0.543259 0.473736 0.222383 0.644194
9 0.497397 0.854946 0.060296 0.078774
1 0.039553 0.727719 0.040906 0.078459
9 0.387086 0.855140 0.030576 0.079231
2 0.039691 0.855501 0.043154 0.078716
21 0.039588 0.606596 0.039263 0.068626
9 0.308117 0.855118 0.060393 0.079607
9 0.623044 0.855208 0.031038 0.078971
9 0.432862 0.863024 0.038364 0.093370
10 0.620896 0.081381 0.058604 0.086246
9 0.355341 0.855672 0.030958 0.081059
13 0.495022 0.071356 0.084498 0.082219
9 0.244797 0.854564 0.060871 0.081699
9 0.560616 0.855605 0.057910 0.079863
14 0.352213 0.071531 0.075485 0.084271
9 0.180942 0.855223 0.032388 0.080582
9 0.118013 0.854520 0.032177 0.079728
12 0.232076 0.070682 0.083982 0.082574
0 0.039350 0.349504 0.051043 0.075441
11 0.069914 0.060994 0.116794 0.053249
23 0.249225 0.368805 0.334140 0.044813
