17 0.422690 0.499047 0.339201 0.633573
9 0.420378 0.878002 0.061814 0.078436
9 0.609105 0.884293 0.036621 0.085508
2 0.215494 0.878850 0.042895 0.078672
1 0.216278 0.753622 0.040660 0.080471
9 0.484167 0.879179 0.060359 0.076908
9 0.562741 0.879799 0.031269 0.075781
9 0.293877 0.879616 0.032135 0.079173
9 0.531184 0.880202 0.030548 0.077238
12 0.408815 0.097365 0.083948 0.082502
9 0.799101 0.880548 0.033911 0.079118
15 0.216337 0.250080 0.036861 0.072998
22 0.215209 0.502258 0.044433 0.077847
10 0.796624 0.105504 0.059911 0.088064
13 0.670066 0.098058 0.086559 0.083033
14 0.529030 0.097141 0.077321 0.084666
0 0.215776 0.375510 0.053585 0.076154
9 0.356706 0.879236 0.032718 0.079316
11 0.246772 0.086253 0.116852 0.053343
9 0.735964 0.879242 0.058366 0.078972
20 0.671878 0.312054 0.096754 0.044418
9 0.673133 0.878749 0.059833 0.076745
21 0.215603 0.631017 0.038651 0.069166
19 0.726826 0.585480 0.193807 0.048035
23 0.424583 0.392902 0.325073 0.034957
18 0.727801 0.634758 0.197439 0.045878
