9 0.420612 0.878044 0.061385 0.078701
17 0.422636 0.498498 0.337827 0.632762
9 0.484302 0.878768 0.060279 0.077978
9 0.294633 0.879444 0.033273 0.078809
9 0.609434 0.884309 0.037270 0.084898
9 0.531476 0.880138 0.031050 0.077565
9 0.563121 0.878943 0.031236 0.075083
15 0.217076 0.249747 0.037729 0.073596
1 0.216551 0.753126 0.041021 0.079261
13 0.669765 0.096348 0.087225 0.084565
9 0.357067 0.879581 0.033515 0.079358
2 0.215927 0.878785 0.042796 0.077461
9 0.799257 0.880081 0.034428 0.077489
0 0.216637 0.375846 0.053439 0.076398
22 0.215296 0.502657 0.044460 0.078076
12 0.409085 0.096470 0.085311 0.083090
9 0.736045 0.879064 0.057862 0.078557
10 0.796681 0.105526 0.059878 0.088221
14 0.529355 0.095975 0.077159 0.085570
9 0.673211 0.878342 0.059617 0.076611
11 0.246765 0.085750 0.117107 0.052445
20 0.672465 0.311364 0.095845 0.043645
21 0.216058 0.630296 0.038826 0.068531
18 0.724902 0.634030 0.196627 0.043901
23 0.423474 0.393145 0.317181 0.033900
19 0.725625 0.583843 0.194903 0.045376
