9 0.602861 0.887524 0.038321 0.091882
16 0.713676 0.501766 0.227059 0.636447
17 0.428924 0.501284 0.315594 0.632765
1 0.209878 0.753404 0.040826 0.081776
9 0.287623 0.881656 0.031764 0.080716
10 0.790132 0.108564 0.059513 0.085497
9 0.524905 0.881114 0.030393 0.079242
9 0.413809 0.879599 0.060427 0.080375
12 0.401468 0.100318 0.083831 0.082605
9 0.477290 0.880580 0.059441 0.078328
9 0.730002 0.880998 0.059603 0.080127
13 0.663822 0.101278 0.085959 0.082728
9 0.555983 0.882336 0.031371 0.079185
9 0.666060 0.881215 0.061859 0.079991
2 0.208849 0.880996 0.042991 0.079616
9 0.350253 0.881270 0.031513 0.080091
22 0.208905 0.503362 0.044440 0.077107
15 0.209044 0.253594 0.035664 0.072374
9 0.792683 0.880856 0.031810 0.079144
0 0.205721 0.377570 0.058174 0.075125
11 0.239852 0.089137 0.113960 0.050815
14 0.521852 0.100914 0.074466 0.084035
23 0.426373 0.395831 0.302003 0.032040
21 0.209471 0.633485 0.038561 0.070552
