2 0.039582 0.857774 0.042851 0.079230
22 0.039457 0.480878 0.044688 0.080661
15 0.039772 0.229728 0.035951 0.071671
17 0.251834 0.475965 0.327389 0.638874
16 0.543236 0.479184 0.222704 0.641891
9 0.386811 0.857864 0.030899 0.078564
13 0.494971 0.076127 0.084895 0.082960
10 0.620991 0.085328 0.058477 0.085735
12 0.231709 0.075945 0.082534 0.083730
9 0.497543 0.858089 0.060055 0.079902
1 0.039577 0.730672 0.040075 0.076759
9 0.432852 0.865524 0.038575 0.092048
21 0.039796 0.609610 0.039017 0.067502
9 0.307903 0.858256 0.059875 0.079652
9 0.355059 0.858363 0.030091 0.079449
9 0.623008 0.857935 0.030864 0.079192
14 0.352526 0.076698 0.076043 0.084208
9 0.118040 0.857528 0.031997 0.080188
9 0.180796 0.858161 0.032485 0.080575
9 0.560291 0.858068 0.057737 0.079969
9 0.244776 0.857863 0.060964 0.081065
0 0.039461 0.354325 0.054766 0.076366
11 0.069035 0.064975 0.118474 0.053599
