15 0.060604 0.229574 0.055247 0.081782
9 0.463122 0.936309 0.090460 0.089963
2 0.059861 0.935837 0.064196 0.087703
9 0.534349 0.936494 0.047388 0.087504
12 0.348716 0.057995 0.124285 0.089929
17 0.384021 0.509771 0.489867 0.715640
9 0.367406 0.935632 0.092016 0.090815
21 0.060469 0.655160 0.057423 0.077720
9 0.582115 0.936342 0.047215 0.088609
9 0.177532 0.936657 0.049438 0.091875
16 0.823223 0.507471 0.351656 0.710771
0 0.059612 0.369858 0.080737 0.085507
9 0.650970 0.944918 0.057074 0.105001
9 0.936519 0.936444 0.049620 0.089622
22 0.058380 0.512318 0.071976 0.087726
9 0.271519 0.936282 0.048588 0.090209
9 0.842422 0.936095 0.088220 0.088993
10 0.933098 0.067422 0.085877 0.094491
9 0.746526 0.936345 0.093744 0.089658
14 0.530190 0.057768 0.113268 0.092214
13 0.743641 0.058291 0.127237 0.089980
1 0.060772 0.792848 0.060944 0.088330
23 0.386004 0.386655 0.437021 0.035899
11 0.107119 0.045734 0.172756 0.058872
