9 0.524785 0.880341 0.030756 0.077741
9 0.602618 0.886966 0.038532 0.090171
9 0.477348 0.880239 0.060007 0.077692
13 0.663510 0.100601 0.085795 0.083317
9 0.414049 0.879572 0.060464 0.077669
17 0.426609 0.501615 0.319882 0.629845
9 0.729804 0.880932 0.058203 0.079111
9 0.792568 0.880567 0.032708 0.078161
15 0.209283 0.253874 0.036489 0.073500
10 0.790075 0.108863 0.058652 0.084666
16 0.714462 0.501816 0.227189 0.631119
9 0.287669 0.881165 0.032436 0.079594
9 0.667153 0.880726 0.064002 0.079284
0 0.204678 0.377685 0.063133 0.076712
9 0.555973 0.881481 0.031732 0.078268
9 0.350134 0.880779 0.032127 0.078930
14 0.521697 0.100719 0.074464 0.083469
1 0.209945 0.753972 0.040567 0.080048
2 0.209212 0.880313 0.043272 0.079127
11 0.239879 0.089390 0.114291 0.050676
12 0.400903 0.099404 0.083243 0.083046
21 0.209637 0.632427 0.039814 0.068554
22 0.209322 0.504738 0.045648 0.077207
23 0.423337 0.395663 0.296694 0.030616
