17 0.419585 0.499723 0.339171 0.634549
2 0.215484 0.878878 0.042166 0.078240
9 0.420282 0.878626 0.061679 0.078855
9 0.608950 0.883755 0.037206 0.083010
9 0.483968 0.879107 0.060054 0.076734
9 0.562813 0.879342 0.031448 0.075323
15 0.215887 0.249856 0.035652 0.070579
9 0.799078 0.880392 0.033858 0.077277
9 0.531024 0.880128 0.030868 0.077694
9 0.293740 0.879435 0.032229 0.079207
19 0.725035 0.585982 0.193187 0.046851
13 0.670001 0.098402 0.086562 0.082629
12 0.408236 0.097721 0.084580 0.082558
9 0.735450 0.879195 0.058970 0.077723
1 0.215843 0.753156 0.040156 0.078615
22 0.214909 0.502705 0.044131 0.076229
9 0.356643 0.879173 0.032620 0.079102
14 0.528559 0.097577 0.077934 0.084660
0 0.215577 0.375547 0.053371 0.075128
9 0.673113 0.878847 0.058930 0.076284
10 0.796676 0.106646 0.059472 0.086869
20 0.672333 0.311963 0.097025 0.043674
11 0.246082 0.086109 0.118316 0.051989
21 0.215395 0.631505 0.038237 0.067595
18 0.725203 0.633645 0.194641 0.045752
23 0.423039 0.393825 0.320358 0.033990
