9 0.562882 0.882260 0.030974 0.077708
9 0.420823 0.881836 0.061296 0.080660
9 0.609286 0.888186 0.036778 0.088653
12 0.408820 0.098912 0.083766 0.081364
16 0.720933 0.502500 0.225592 0.645731
2 0.216148 0.881640 0.041454 0.079311
22 0.215069 0.503930 0.042664 0.075928
9 0.294416 0.882251 0.031281 0.079131
17 0.434911 0.501329 0.320862 0.635921
14 0.529975 0.100003 0.074682 0.080530
9 0.531108 0.883021 0.030253 0.078652
9 0.484062 0.882725 0.059684 0.078477
1 0.216684 0.754792 0.039147 0.077014
21 0.216177 0.635269 0.036957 0.068603
15 0.216383 0.252689 0.035667 0.073932
9 0.356999 0.881753 0.031015 0.079073
13 0.670975 0.099699 0.085481 0.080386
10 0.797613 0.106920 0.059383 0.085708
0 0.216656 0.376125 0.049880 0.076170
9 0.799251 0.882263 0.030923 0.078569
9 0.673581 0.882573 0.061037 0.078034
9 0.736394 0.881713 0.057428 0.077952
11 0.247232 0.087815 0.114389 0.052127
23 0.432696 0.395570 0.298990 0.031468
