15 0.060615 0.228307 0.055476 0.082251
9 0.463054 0.935340 0.091266 0.090252
2 0.059892 0.935347 0.064016 0.087667
12 0.348932 0.058364 0.126185 0.090621
17 0.384539 0.509460 0.489581 0.712348
9 0.534149 0.936029 0.047957 0.088974
9 0.367183 0.935018 0.093095 0.091267
9 0.842861 0.935284 0.087674 0.089930
21 0.060650 0.655294 0.058705 0.078465
9 0.582107 0.935826 0.048030 0.089511
0 0.059556 0.368840 0.081350 0.086738
9 0.936613 0.935928 0.050827 0.090552
9 0.177607 0.936085 0.050519 0.092058
9 0.271611 0.935846 0.049834 0.090533
22 0.059090 0.511696 0.073315 0.088883
9 0.746624 0.935449 0.093790 0.090279
16 0.823199 0.506974 0.351631 0.705465
9 0.651727 0.944102 0.058122 0.106471
14 0.531028 0.057135 0.114897 0.093728
1 0.060673 0.792426 0.061388 0.089060
13 0.742850 0.058369 0.126331 0.090922
10 0.932519 0.066595 0.088578 0.094827
23 0.380926 0.386826 0.446821 0.037218
11 0.106536 0.046088 0.174692 0.060522
