15 0.039887 0.228800 0.035510 0.070214
2 0.040134 0.855948 0.044152 0.078778
10 0.620712 0.085071 0.057420 0.084650
9 0.432661 0.865311 0.038846 0.093248
9 0.386712 0.856294 0.030955 0.076588
17 0.250547 0.474786 0.324331 0.635535
9 0.245231 0.856178 0.060602 0.077850
9 0.622925 0.856360 0.031857 0.076588
16 0.544869 0.476093 0.225893 0.628958
9 0.180915 0.856276 0.032854 0.077347
13 0.494590 0.075849 0.084135 0.082210
9 0.497432 0.856584 0.060740 0.078109
9 0.308054 0.856651 0.059718 0.076903
12 0.231736 0.075663 0.082458 0.083038
9 0.117792 0.856280 0.032798 0.078234
9 0.355102 0.856851 0.030257 0.077429
9 0.560347 0.856830 0.058036 0.078498
14 0.352114 0.076344 0.075846 0.084312
1 0.040103 0.730291 0.041079 0.079242
0 0.039543 0.354167 0.056674 0.077021
11 0.070480 0.065243 0.116715 0.051040
22 0.039558 0.479851 0.046697 0.080038
21 0.039625 0.608416 0.039335 0.070774
