16 0.823716 0.506508 0.349228 0.723005
2 0.060330 0.936286 0.063386 0.087591
15 0.060454 0.229695 0.054301 0.081124
12 0.349141 0.057281 0.123960 0.090725
21 0.060269 0.656316 0.056529 0.077650
9 0.463208 0.936477 0.090346 0.090028
9 0.534110 0.936849 0.046856 0.087400
9 0.367514 0.935651 0.091268 0.090514
9 0.581848 0.936752 0.046049 0.089024
9 0.177645 0.937391 0.047953 0.092213
22 0.057802 0.511381 0.070306 0.087845
17 0.386656 0.507888 0.482436 0.722938
10 0.933918 0.067180 0.088239 0.093701
9 0.271701 0.936765 0.047654 0.090388
9 0.746074 0.936308 0.092983 0.089292
9 0.842173 0.936516 0.088874 0.088299
14 0.529664 0.057850 0.112796 0.092157
9 0.650643 0.945410 0.057447 0.105604
0 0.059431 0.369316 0.079552 0.085217
9 0.936428 0.936377 0.048047 0.089658
13 0.743620 0.058103 0.127076 0.091362
1 0.060709 0.792436 0.061539 0.089093
11 0.106977 0.046173 0.173474 0.059695
23 0.393577 0.388365 0.425912 0.036629
