17 0.422537 0.499166 0.338810 0.633600
2 0.215624 0.879004 0.041760 0.078293
9 0.420373 0.878453 0.061630 0.078730
9 0.609175 0.884846 0.036453 0.085710
9 0.562699 0.879500 0.031209 0.075799
9 0.484093 0.879182 0.059952 0.076559
1 0.216219 0.753131 0.040004 0.079015
9 0.799052 0.880825 0.033554 0.078787
12 0.408637 0.097201 0.083908 0.083432
9 0.293796 0.879515 0.031959 0.078567
9 0.530966 0.880071 0.030415 0.077292
15 0.215915 0.250214 0.035124 0.071289
10 0.796721 0.105880 0.059694 0.087228
9 0.356701 0.879119 0.032067 0.078912
22 0.214935 0.502605 0.044627 0.077035
0 0.215487 0.375490 0.053439 0.075883
13 0.670244 0.097726 0.086259 0.084221
11 0.246754 0.086012 0.116512 0.052246
14 0.529366 0.097351 0.075658 0.084264
9 0.736191 0.880484 0.058437 0.078290
20 0.672334 0.312114 0.096208 0.043628
9 0.673069 0.878624 0.059070 0.076238
21 0.215553 0.631737 0.038169 0.068755
19 0.726756 0.585341 0.193999 0.048641
23 0.424510 0.392306 0.323068 0.034992
18 0.727721 0.634996 0.197904 0.046038
