9 0.346741 0.875328 0.060500 0.074891
16 0.648672 0.497401 0.230016 0.631583
9 0.488609 0.875510 0.031830 0.076832
9 0.219922 0.874248 0.031740 0.074169
17 0.352880 0.499872 0.323269 0.641317
9 0.725728 0.875715 0.031529 0.076400
22 0.140511 0.499793 0.045714 0.078893
9 0.456989 0.877230 0.031579 0.078250
9 0.282557 0.875840 0.031144 0.076023
9 0.535187 0.877421 0.036331 0.079902
11 0.172972 0.084128 0.115076 0.051019
13 0.596379 0.095298 0.086141 0.081470
9 0.409734 0.876434 0.060433 0.076404
15 0.141490 0.247979 0.036763 0.067812
0 0.142037 0.373497 0.054427 0.078435
9 0.662951 0.875700 0.056747 0.075382
9 0.599137 0.875531 0.060758 0.078612
1 0.142005 0.750184 0.041015 0.079413
10 0.723371 0.103789 0.058404 0.086135
2 0.141212 0.873845 0.044499 0.075410
14 0.454366 0.096035 0.074331 0.083325
12 0.333606 0.095750 0.082124 0.081275
21 0.141756 0.627639 0.038891 0.069156
