17 0.420514 0.498965 0.338937 0.635133
9 0.420696 0.877266 0.061746 0.077715
2 0.215735 0.878459 0.042839 0.078195
9 0.609277 0.883067 0.037237 0.082729
9 0.484242 0.878849 0.060484 0.078035
13 0.670136 0.096875 0.086784 0.083060
9 0.531522 0.880118 0.030812 0.077659
22 0.215299 0.502549 0.044253 0.077493
15 0.216542 0.249382 0.036913 0.072771
9 0.563084 0.878623 0.031569 0.074932
9 0.294286 0.879530 0.032855 0.079485
9 0.799324 0.879246 0.034102 0.077391
1 0.216468 0.753180 0.041225 0.080448
14 0.528974 0.095759 0.078212 0.085464
9 0.735967 0.878535 0.058108 0.078472
0 0.216420 0.375524 0.053189 0.075292
12 0.408572 0.096080 0.085361 0.082222
10 0.796390 0.105927 0.059826 0.087813
9 0.356941 0.878676 0.032819 0.078886
9 0.673360 0.877764 0.059448 0.076652
20 0.672149 0.311539 0.096795 0.044363
21 0.215915 0.629930 0.038814 0.068079
11 0.245959 0.085366 0.119590 0.053205
18 0.724477 0.634169 0.194295 0.043833
23 0.424245 0.390762 0.327431 0.035816
19 0.724650 0.582889 0.194889 0.048010
