9 0.420765 0.881091 0.061034 0.079587
9 0.562973 0.882268 0.031218 0.078047
17 0.422234 0.505012 0.345667 0.635093
16 0.722125 0.502466 0.228454 0.632692
9 0.484116 0.882107 0.060137 0.078730
1 0.216508 0.755598 0.040578 0.078107
9 0.294569 0.882166 0.033294 0.079850
12 0.408904 0.101561 0.085026 0.081133
9 0.609185 0.887805 0.037794 0.087360
15 0.216525 0.253826 0.036512 0.073296
9 0.799217 0.882475 0.032887 0.079506
9 0.357016 0.881551 0.032493 0.079691
9 0.531443 0.883311 0.031175 0.079523
2 0.215804 0.881511 0.043362 0.078746
9 0.736505 0.882059 0.058486 0.079282
9 0.673664 0.883096 0.062327 0.079475
14 0.529145 0.101999 0.075723 0.082028
10 0.796771 0.109708 0.058953 0.085420
13 0.670525 0.102728 0.086134 0.080384
23 0.425261 0.397778 0.336629 0.043085
21 0.216224 0.633754 0.038843 0.069449
22 0.215356 0.505978 0.045667 0.078455
11 0.246570 0.088875 0.113988 0.052862
0 0.216336 0.378422 0.052552 0.075398
