15 0.057525 0.235117 0.055031 0.084288
17 0.377087 0.518062 0.501331 0.731251
16 0.822552 0.518174 0.354025 0.730497
21 0.056619 0.671534 0.057021 0.078117
2 0.057609 0.948744 0.062932 0.076635
0 0.056852 0.378415 0.079268 0.084584
9 0.460891 0.941148 0.091162 0.064340
11 0.104988 0.048304 0.171934 0.059897
9 0.580402 0.941455 0.046499 0.064060
9 0.841167 0.940757 0.048655 0.063432
1 0.057041 0.809940 0.059280 0.087243
14 0.529018 0.061784 0.112639 0.094543
10 0.933907 0.071235 0.087699 0.094054
12 0.346654 0.062080 0.125467 0.091767
9 0.365445 0.939493 0.091753 0.065861
9 0.532282 0.941915 0.045213 0.064148
13 0.742674 0.061018 0.126906 0.093937
9 0.936486 0.940373 0.047400 0.062995
9 0.651244 0.941167 0.047344 0.064129
9 0.745788 0.941717 0.048154 0.065654
22 0.054879 0.523391 0.072208 0.092475
9 0.175039 0.940780 0.047711 0.064661
9 0.269723 0.941584 0.047588 0.064171
