15 0.060301 0.249435 0.053859 0.079784
16 0.823084 0.521770 0.349365 0.702827
2 0.060279 0.939228 0.063540 0.084883
10 0.932758 0.091180 0.087385 0.092314
9 0.650546 0.947352 0.057480 0.102213
9 0.744399 0.938466 0.092012 0.085087
12 0.348865 0.081810 0.124159 0.088385
9 0.533458 0.939030 0.046767 0.084531
17 0.372116 0.523032 0.521336 0.700931
9 0.841013 0.938910 0.088641 0.086475
9 0.367239 0.938233 0.090709 0.087729
9 0.581022 0.939190 0.046552 0.084522
9 0.936016 0.939163 0.048119 0.087240
9 0.462916 0.938665 0.091044 0.087481
11 0.105066 0.070841 0.174002 0.056689
9 0.177367 0.940233 0.048161 0.090200
14 0.530107 0.082775 0.113434 0.088698
21 0.059916 0.665780 0.057561 0.076575
9 0.271284 0.938467 0.047684 0.085918
1 0.060678 0.799528 0.060998 0.086742
13 0.743407 0.082830 0.127668 0.088830
22 0.058097 0.526225 0.069852 0.086311
0 0.059429 0.386506 0.078864 0.080200
23 0.366039 0.405619 0.505821 0.047795
