17 0.354831 0.494755 0.325821 0.642482
22 0.140286 0.500082 0.044943 0.079493
16 0.646294 0.498330 0.225664 0.643206
9 0.488400 0.876440 0.031623 0.078863
9 0.346608 0.875721 0.060344 0.076629
9 0.220009 0.874536 0.031081 0.075340
9 0.725670 0.874432 0.031017 0.075550
9 0.456690 0.877401 0.030919 0.079664
1 0.141756 0.751183 0.039598 0.078399
14 0.454587 0.095680 0.076959 0.081757
9 0.409740 0.876792 0.060834 0.078980
11 0.173142 0.084662 0.116594 0.053164
9 0.599247 0.875214 0.060067 0.078551
13 0.596877 0.094624 0.086302 0.085754
9 0.662181 0.876244 0.056994 0.077319
9 0.535393 0.878245 0.036952 0.083037
0 0.141936 0.372924 0.052878 0.076710
10 0.723531 0.103765 0.059955 0.086683
21 0.141261 0.627793 0.038240 0.069966
2 0.141072 0.875234 0.043515 0.078103
12 0.334332 0.095293 0.083422 0.082318
15 0.141909 0.248799 0.037971 0.072053
9 0.282623 0.876620 0.030611 0.078361
