17 0.245937 0.472217 0.343877 0.632433
2 0.039980 0.854777 0.044143 0.078695
10 0.620831 0.080690 0.057425 0.083822
9 0.386967 0.854352 0.030209 0.076753
9 0.497356 0.854527 0.061613 0.077891
9 0.623004 0.854695 0.031971 0.076856
15 0.039960 0.224284 0.036396 0.072936
9 0.355166 0.854644 0.030727 0.077876
9 0.432703 0.863326 0.038717 0.092864
9 0.245244 0.853871 0.060943 0.078438
9 0.307967 0.854619 0.060167 0.078851
1 0.039743 0.728892 0.040424 0.078593
9 0.560191 0.854971 0.058260 0.078339
9 0.180999 0.854043 0.033029 0.078282
16 0.544724 0.471690 0.226248 0.635215
13 0.494791 0.070900 0.083908 0.081899
9 0.117775 0.854251 0.032759 0.078379
14 0.352241 0.071403 0.074146 0.084250
22 0.039408 0.477028 0.047264 0.081418
21 0.039508 0.606251 0.039487 0.069111
12 0.231333 0.070962 0.082607 0.081897
11 0.070038 0.060775 0.116475 0.052152
0 0.040031 0.349945 0.054445 0.077155
23 0.249111 0.368813 0.329071 0.045921
