17 0.421569 0.499043 0.338321 0.631800
9 0.420391 0.879046 0.061395 0.079770
9 0.483951 0.879337 0.059865 0.078005
9 0.609189 0.884753 0.037163 0.084970
9 0.562718 0.879447 0.031673 0.076425
9 0.294013 0.879689 0.032731 0.079016
9 0.799153 0.880385 0.033995 0.077293
9 0.530979 0.880408 0.030882 0.077996
15 0.216315 0.250081 0.036141 0.071437
2 0.215791 0.879034 0.042095 0.077925
1 0.216141 0.753053 0.040090 0.078381
13 0.670284 0.097715 0.086617 0.083955
9 0.356758 0.880024 0.033292 0.078730
12 0.408422 0.097437 0.084511 0.083296
19 0.726528 0.587511 0.196456 0.046095
9 0.735754 0.879466 0.059061 0.078159
0 0.215741 0.375840 0.053551 0.075859
14 0.529194 0.097256 0.076711 0.085045
9 0.673024 0.879229 0.059407 0.076477
22 0.214807 0.502999 0.044459 0.076779
11 0.246099 0.086557 0.117124 0.051528
10 0.796588 0.106287 0.059393 0.086615
20 0.672718 0.311843 0.096355 0.042876
18 0.726822 0.633214 0.198828 0.044719
23 0.424204 0.393854 0.318204 0.033972
21 0.215563 0.631379 0.038332 0.068103
