9 0.524851 0.882475 0.031352 0.077750
13 0.663807 0.100270 0.086332 0.084304
9 0.414075 0.881683 0.061927 0.080152
9 0.602624 0.889204 0.038916 0.090651
9 0.287409 0.882839 0.032565 0.081511
9 0.477176 0.882121 0.060302 0.079259
9 0.792874 0.882715 0.033440 0.079137
9 0.729884 0.882727 0.058259 0.079036
17 0.426435 0.502895 0.321377 0.632086
15 0.209141 0.253272 0.036305 0.073442
10 0.789858 0.109208 0.059421 0.085655
16 0.714868 0.503414 0.228604 0.631274
9 0.350075 0.882863 0.032499 0.080218
14 0.521460 0.101178 0.075411 0.082916
0 0.205165 0.377926 0.063448 0.076837
9 0.666699 0.883365 0.063663 0.079798
1 0.209775 0.755233 0.040425 0.079614
12 0.400841 0.100045 0.085024 0.083891
9 0.556298 0.883289 0.031940 0.078794
11 0.240124 0.089763 0.115416 0.051911
2 0.209382 0.882374 0.043595 0.080615
22 0.208917 0.505880 0.045487 0.078081
21 0.209789 0.635266 0.039558 0.069747
23 0.423837 0.395864 0.297473 0.030588
