12 0.409277 0.100948 0.084093 0.082062
16 0.722139 0.503966 0.228833 0.641218
9 0.562944 0.882343 0.030832 0.077823
17 0.422626 0.505157 0.346463 0.634915
9 0.609071 0.887674 0.036987 0.087759
9 0.420827 0.882211 0.061264 0.080731
2 0.215860 0.881632 0.042159 0.079056
9 0.673646 0.882505 0.062140 0.077364
1 0.216492 0.755559 0.040030 0.077012
9 0.294403 0.882137 0.031331 0.079726
14 0.529503 0.101260 0.077297 0.082197
9 0.531132 0.883544 0.030376 0.080028
9 0.799131 0.882547 0.031277 0.078589
9 0.484094 0.882427 0.059695 0.078250
21 0.216065 0.634942 0.037662 0.068846
23 0.423413 0.398385 0.332186 0.042323
9 0.356996 0.882036 0.030989 0.078885
10 0.797488 0.109431 0.059284 0.085420
15 0.216293 0.253933 0.035334 0.071632
9 0.736873 0.881795 0.058220 0.077839
13 0.670770 0.102343 0.085633 0.080995
22 0.214981 0.505364 0.044881 0.078638
11 0.247217 0.090614 0.116521 0.052534
0 0.215688 0.377271 0.050810 0.075485
