16 0.822932 0.521052 0.349322 0.703119
15 0.060363 0.249118 0.055211 0.079631
2 0.060160 0.937945 0.064186 0.085206
10 0.933745 0.091403 0.089544 0.092547
17 0.372409 0.522586 0.520609 0.701907
9 0.745319 0.938249 0.091822 0.086209
9 0.533465 0.939336 0.047002 0.086420
9 0.367084 0.937800 0.091397 0.088259
12 0.349483 0.082223 0.125233 0.088403
9 0.841261 0.938898 0.088822 0.087857
9 0.581369 0.939461 0.047099 0.085852
9 0.650886 0.947244 0.057954 0.103361
14 0.530253 0.083267 0.114061 0.088536
9 0.462740 0.938130 0.091366 0.087627
9 0.936092 0.939209 0.048788 0.087949
9 0.177677 0.940073 0.049010 0.091288
22 0.058325 0.525740 0.070318 0.086762
9 0.271463 0.938420 0.048617 0.085995
11 0.104935 0.070166 0.175170 0.056587
21 0.060530 0.665915 0.058858 0.078016
13 0.742749 0.083251 0.126371 0.088725
0 0.059516 0.386260 0.079050 0.081044
1 0.060701 0.799397 0.061153 0.087318
23 0.367920 0.405322 0.505490 0.048206
