17 0.420654 0.500051 0.338727 0.636232
9 0.420589 0.878449 0.061714 0.078170
2 0.215950 0.878528 0.042363 0.077678
9 0.609221 0.883478 0.037258 0.082318
9 0.484173 0.878919 0.060094 0.076174
9 0.563025 0.879102 0.031434 0.074344
9 0.531231 0.880267 0.030742 0.076910
9 0.294218 0.879395 0.032017 0.077967
15 0.216383 0.248987 0.036090 0.072244
9 0.799169 0.880451 0.033653 0.077397
13 0.670410 0.097128 0.086246 0.083866
22 0.214946 0.502429 0.043993 0.075726
1 0.216793 0.753473 0.039185 0.079017
9 0.735735 0.879141 0.058080 0.076829
9 0.356908 0.878922 0.032280 0.077525
0 0.215823 0.374982 0.052472 0.075652
14 0.528673 0.096526 0.078190 0.085772
12 0.408719 0.096680 0.084630 0.082744
9 0.673305 0.878376 0.059142 0.074881
21 0.215985 0.631107 0.037945 0.067480
11 0.247023 0.085376 0.117605 0.052011
20 0.672775 0.311662 0.096487 0.042801
10 0.796624 0.106018 0.059088 0.086956
23 0.424191 0.391012 0.326872 0.035514
18 0.724600 0.634171 0.193761 0.042736
19 0.724602 0.583006 0.194564 0.048691
