15 0.060527 0.229490 0.054979 0.081977
9 0.463206 0.936605 0.090376 0.088954
9 0.534395 0.936812 0.047395 0.086922
2 0.059751 0.935674 0.064534 0.087461
17 0.383594 0.510384 0.490083 0.715214
12 0.348823 0.057996 0.124092 0.089689
21 0.060439 0.655217 0.057347 0.077774
9 0.367509 0.935958 0.091847 0.090328
9 0.582089 0.936310 0.047148 0.087595
0 0.059603 0.369867 0.080871 0.085506
9 0.177629 0.936695 0.049182 0.091147
16 0.823188 0.507389 0.351693 0.711070
9 0.650999 0.945201 0.056601 0.104770
9 0.271560 0.936612 0.048573 0.089212
9 0.936540 0.936532 0.049570 0.088906
22 0.058421 0.512446 0.072014 0.087440
10 0.933088 0.067382 0.085536 0.094250
9 0.842634 0.936268 0.087851 0.088315
9 0.746106 0.936155 0.093319 0.087026
13 0.743566 0.058429 0.127076 0.089760
1 0.060800 0.792713 0.060739 0.087760
14 0.530073 0.057814 0.112703 0.091635
23 0.385978 0.386629 0.437130 0.036009
11 0.107148 0.045863 0.171907 0.058575
