17 0.419194 0.502372 0.338690 0.633932
9 0.420191 0.880390 0.061322 0.077648
2 0.215530 0.880692 0.041981 0.077934
9 0.608744 0.885913 0.037118 0.082642
9 0.483936 0.881004 0.060287 0.076002
15 0.215994 0.252874 0.035190 0.071263
9 0.799060 0.882235 0.033617 0.076745
9 0.531064 0.882306 0.030699 0.076930
9 0.562676 0.880996 0.030850 0.074137
9 0.293780 0.881807 0.032353 0.079039
13 0.670086 0.100812 0.086266 0.082753
12 0.408366 0.100236 0.084833 0.082533
1 0.215878 0.755350 0.039805 0.077946
19 0.725233 0.588074 0.193176 0.047053
9 0.735565 0.881136 0.058412 0.076611
22 0.214939 0.505174 0.044668 0.076485
0 0.215735 0.378032 0.052457 0.075866
14 0.528487 0.100288 0.077118 0.084371
9 0.356520 0.881274 0.032451 0.078039
9 0.673100 0.880787 0.059477 0.075143
20 0.672096 0.314609 0.097408 0.043693
10 0.796599 0.109123 0.059217 0.086627
11 0.247013 0.088922 0.115974 0.051377
21 0.215395 0.633845 0.037942 0.067958
18 0.726309 0.635535 0.196712 0.046276
23 0.422652 0.395963 0.319842 0.033546
