2 0.059668 0.938352 0.063807 0.084391
15 0.059081 0.257343 0.052981 0.077817
14 0.529623 0.093001 0.112679 0.091105
12 0.348366 0.092809 0.123816 0.088797
9 0.744853 0.938965 0.092712 0.084313
18 0.827839 0.673608 0.288364 0.049423
10 0.932727 0.101937 0.087858 0.090721
17 0.370504 0.527484 0.506690 0.693866
9 0.176650 0.939654 0.048606 0.086426
9 0.366109 0.938580 0.091214 0.085370
9 0.650475 0.947432 0.058489 0.098457
9 0.842052 0.939266 0.089633 0.084189
21 0.059847 0.669310 0.057841 0.076409
0 0.059390 0.392712 0.081055 0.081733
9 0.533443 0.939516 0.047338 0.084377
9 0.581077 0.939210 0.046565 0.083245
13 0.743079 0.092467 0.128014 0.091167
9 0.462467 0.938880 0.090827 0.082951
19 0.827754 0.620170 0.291355 0.053972
11 0.106054 0.079274 0.172204 0.056598
9 0.270954 0.939354 0.048310 0.084258
22 0.057466 0.531160 0.070276 0.085826
9 0.936395 0.940024 0.051664 0.086511
1 0.060045 0.801442 0.061086 0.087309
23 0.365995 0.410209 0.496092 0.040441
20 0.746227 0.322153 0.147540 0.048020
