2 0.059754 0.937937 0.063978 0.085409
15 0.059088 0.257310 0.053845 0.077720
21 0.059701 0.669135 0.057878 0.076406
18 0.827893 0.671349 0.288292 0.048280
9 0.745055 0.939355 0.092309 0.084505
9 0.580971 0.939530 0.046957 0.083575
14 0.529921 0.093730 0.113260 0.090115
9 0.366228 0.938939 0.091435 0.085816
9 0.176661 0.939996 0.048600 0.086639
9 0.533428 0.939617 0.047450 0.084155
9 0.650252 0.947319 0.058867 0.098062
17 0.369044 0.529231 0.506241 0.694723
10 0.932630 0.101957 0.088246 0.092274
12 0.347890 0.093387 0.125470 0.087791
19 0.827002 0.620296 0.291002 0.050548
9 0.462321 0.939122 0.091093 0.083384
9 0.842100 0.939507 0.090007 0.083775
11 0.105762 0.079693 0.172783 0.057188
0 0.059341 0.392553 0.081079 0.082297
9 0.270817 0.939665 0.048087 0.084642
13 0.742580 0.092503 0.126058 0.090727
22 0.057315 0.530806 0.070253 0.085284
9 0.936943 0.941094 0.052798 0.087947
1 0.060264 0.801792 0.061618 0.085940
20 0.745795 0.322686 0.147985 0.047856
23 0.361778 0.408381 0.479398 0.039758
