2 0.059572 0.936538 0.064406 0.085420
15 0.059174 0.256303 0.054965 0.078406
18 0.825715 0.670980 0.294450 0.047865
9 0.176448 0.938643 0.049522 0.088439
0 0.059234 0.391253 0.081837 0.083497
12 0.347389 0.092583 0.127642 0.089633
21 0.059444 0.667681 0.058191 0.077253
9 0.580876 0.938504 0.047526 0.084869
17 0.368940 0.527719 0.506947 0.692306
9 0.745619 0.938923 0.091682 0.086415
9 0.461986 0.936759 0.091389 0.084175
9 0.650459 0.945678 0.059426 0.099490
9 0.533655 0.938561 0.047873 0.084073
19 0.826368 0.619318 0.292104 0.051523
9 0.366105 0.936957 0.092727 0.086306
10 0.932073 0.102054 0.091035 0.094245
9 0.842314 0.938671 0.089343 0.086210
9 0.270795 0.937937 0.048529 0.085063
11 0.105297 0.079266 0.174300 0.057881
22 0.057962 0.529190 0.071470 0.087135
9 0.936685 0.940755 0.053343 0.089671
13 0.741460 0.092806 0.126797 0.091257
14 0.530535 0.093234 0.115476 0.091928
1 0.060064 0.800328 0.063173 0.086214
23 0.358778 0.407900 0.487357 0.039457
20 0.746154 0.321462 0.147564 0.049717
