2 0.059640 0.938187 0.064396 0.085230
15 0.059156 0.257351 0.054555 0.077642
17 0.370657 0.528549 0.507056 0.693887
12 0.347861 0.092917 0.125457 0.088303
9 0.581098 0.939466 0.047113 0.083494
9 0.533426 0.939995 0.047565 0.084568
9 0.744850 0.939528 0.092762 0.084826
14 0.529927 0.093274 0.112966 0.090279
18 0.828286 0.670782 0.290338 0.046739
9 0.176766 0.939699 0.048886 0.085994
10 0.932648 0.101507 0.088700 0.092450
9 0.366295 0.938946 0.091562 0.086212
19 0.827438 0.619942 0.292217 0.050321
9 0.650532 0.947560 0.059155 0.098797
9 0.842202 0.939575 0.090652 0.084871
21 0.059761 0.669109 0.058111 0.076054
11 0.105504 0.079613 0.172050 0.056896
9 0.462319 0.939315 0.090975 0.083798
0 0.058988 0.393508 0.080828 0.081913
9 0.936677 0.940551 0.052609 0.087419
9 0.270795 0.939510 0.048218 0.084205
13 0.743362 0.091891 0.127603 0.091032
22 0.057379 0.530823 0.070025 0.085498
1 0.060409 0.801773 0.061167 0.085251
20 0.745201 0.322475 0.147227 0.046599
23 0.365879 0.408174 0.477610 0.040567
