9 0.420675 0.878568 0.061411 0.079553
17 0.422387 0.499242 0.337759 0.633038
9 0.484168 0.878855 0.059986 0.078022
9 0.563025 0.879336 0.031473 0.076597
9 0.294466 0.879335 0.032794 0.078979
9 0.609562 0.884399 0.037223 0.084701
9 0.531276 0.880276 0.030667 0.077863
13 0.670205 0.096884 0.086387 0.084334
15 0.216851 0.249737 0.037287 0.073217
9 0.357115 0.879016 0.032597 0.078614
2 0.216139 0.878822 0.042272 0.077522
1 0.216606 0.753023 0.040064 0.078975
9 0.799224 0.880043 0.034263 0.077627
0 0.216454 0.375698 0.053483 0.076003
12 0.409040 0.096451 0.084902 0.083223
22 0.215079 0.502420 0.044197 0.076434
14 0.529210 0.096407 0.076945 0.085163
9 0.735784 0.879116 0.058412 0.077826
11 0.246972 0.085848 0.116859 0.051317
9 0.673258 0.878743 0.059474 0.075504
10 0.796824 0.105771 0.059487 0.087010
20 0.673219 0.311572 0.095944 0.042610
21 0.216077 0.630868 0.038111 0.067858
23 0.424490 0.391441 0.323561 0.034576
18 0.725409 0.633992 0.196341 0.043755
19 0.725883 0.584239 0.195086 0.045972
