22 0.039258 0.480290 0.044119 0.078964
17 0.255604 0.476793 0.327638 0.634050
16 0.544703 0.477635 0.222479 0.641132
13 0.494780 0.076947 0.083430 0.082240
15 0.040082 0.229224 0.035914 0.073193
9 0.497112 0.856932 0.060252 0.078813
14 0.353225 0.076436 0.075529 0.084090
1 0.040189 0.730108 0.040512 0.079070
9 0.386893 0.856800 0.030616 0.078527
10 0.621003 0.084667 0.058619 0.086103
21 0.039653 0.608322 0.038497 0.066862
9 0.623021 0.857090 0.030930 0.078966
2 0.039739 0.857191 0.042961 0.077872
9 0.244630 0.856565 0.060876 0.081270
9 0.308110 0.856766 0.060101 0.078586
9 0.355312 0.857187 0.030754 0.080377
12 0.232190 0.076074 0.082386 0.085114
9 0.560511 0.857229 0.057820 0.079677
9 0.433063 0.864716 0.037691 0.093080
9 0.181060 0.856871 0.032277 0.079950
0 0.039983 0.353527 0.053029 0.075101
11 0.069451 0.064696 0.117107 0.053399
9 0.118029 0.856184 0.031933 0.079335
23 0.258805 0.369974 0.309359 0.033427
