15 0.060604 0.228922 0.055107 0.082426
2 0.060165 0.935942 0.063484 0.087700
9 0.463184 0.935577 0.091264 0.090924
16 0.823209 0.507395 0.348966 0.723072
12 0.348079 0.058225 0.126378 0.090911
9 0.367416 0.935296 0.092304 0.091375
9 0.842360 0.935713 0.087854 0.089488
9 0.581690 0.936656 0.047350 0.091198
21 0.060357 0.656022 0.057821 0.078331
9 0.177740 0.937113 0.049299 0.092966
9 0.533963 0.936069 0.047050 0.089217
22 0.057839 0.510550 0.071666 0.089010
17 0.384370 0.509638 0.489081 0.722664
9 0.936589 0.936179 0.049104 0.090796
9 0.271748 0.936587 0.049223 0.091093
9 0.746747 0.935886 0.092520 0.090071
0 0.059189 0.368748 0.080037 0.086451
9 0.651185 0.943974 0.058770 0.105707
14 0.530423 0.057809 0.114458 0.094144
1 0.060569 0.791750 0.061610 0.089338
13 0.743290 0.058203 0.126631 0.091919
23 0.386168 0.389675 0.433629 0.035574
10 0.932969 0.067261 0.088037 0.096100
11 0.106565 0.045970 0.173887 0.060396
