17 0.354422 0.494836 0.324729 0.641892
16 0.646477 0.498350 0.225989 0.641693
22 0.140143 0.500115 0.045101 0.079116
9 0.346517 0.876021 0.060394 0.076868
9 0.488310 0.876811 0.031547 0.079886
1 0.141579 0.751200 0.039110 0.078006
13 0.596855 0.095766 0.085329 0.083037
11 0.172809 0.084900 0.115423 0.052306
9 0.725593 0.874801 0.030950 0.075958
9 0.456926 0.878065 0.030841 0.080429
9 0.219770 0.876063 0.030825 0.078116
9 0.409649 0.877083 0.061168 0.078926
9 0.598844 0.875155 0.060200 0.078980
14 0.454489 0.095582 0.075999 0.081957
9 0.662436 0.875879 0.056792 0.077046
9 0.535208 0.878250 0.036280 0.082750
0 0.141820 0.373305 0.052894 0.077913
21 0.141264 0.627733 0.037944 0.069861
10 0.723747 0.104332 0.059528 0.084379
9 0.282428 0.877029 0.030888 0.079622
12 0.334022 0.095765 0.082889 0.081658
2 0.141165 0.874857 0.043275 0.077461
15 0.141533 0.248168 0.037150 0.070051
