9 0.420345 0.878162 0.061615 0.078804
17 0.422233 0.499268 0.338035 0.633175
9 0.483916 0.879512 0.060256 0.077829
9 0.531224 0.880382 0.031183 0.077420
9 0.609194 0.884781 0.037422 0.085471
9 0.562829 0.879359 0.031322 0.075329
9 0.294068 0.879531 0.032809 0.079139
15 0.216445 0.250420 0.037603 0.072745
9 0.799323 0.880293 0.034570 0.077571
1 0.216137 0.753314 0.041190 0.079168
13 0.669937 0.097181 0.086927 0.083735
12 0.408589 0.097224 0.085049 0.083629
9 0.356850 0.878905 0.033159 0.078819
2 0.215565 0.878668 0.042645 0.077852
9 0.735993 0.879483 0.058990 0.078660
19 0.726378 0.587553 0.195981 0.045450
10 0.796398 0.106139 0.059921 0.087898
0 0.215850 0.375912 0.053930 0.075857
22 0.215011 0.503299 0.044519 0.077265
14 0.528974 0.096897 0.076963 0.085126
9 0.673164 0.879045 0.059979 0.077754
18 0.726462 0.633031 0.198195 0.044466
20 0.672534 0.311722 0.096356 0.043545
11 0.246216 0.086600 0.117019 0.052294
23 0.424231 0.393820 0.317371 0.033895
21 0.215718 0.630716 0.038885 0.068748
