15 0.057095 0.235199 0.055464 0.084157
0 0.057385 0.378190 0.080640 0.087009
16 0.822261 0.518156 0.354804 0.727375
21 0.057201 0.672369 0.058565 0.081079
9 0.460881 0.940546 0.091665 0.065220
22 0.055381 0.522824 0.072586 0.091042
2 0.057748 0.948040 0.063310 0.076733
17 0.374933 0.519774 0.503153 0.732603
14 0.528490 0.061642 0.112730 0.094181
13 0.742488 0.060922 0.127103 0.094173
12 0.346752 0.061067 0.125699 0.093002
9 0.532527 0.941548 0.046209 0.064224
10 0.933604 0.071284 0.086461 0.093490
9 0.841058 0.940916 0.050871 0.067058
9 0.364966 0.939991 0.093542 0.065970
11 0.104647 0.047908 0.171391 0.059748
1 0.057456 0.809733 0.059479 0.088526
9 0.580227 0.941318 0.047167 0.065659
9 0.936458 0.940372 0.049837 0.065625
9 0.745624 0.941273 0.049906 0.066996
9 0.269491 0.940939 0.049175 0.064499
9 0.651464 0.940757 0.049393 0.065525
9 0.175142 0.940237 0.048733 0.066478
