9 0.420775 0.879024 0.061367 0.080271
9 0.563034 0.880502 0.031095 0.078643
15 0.216803 0.249622 0.037424 0.074280
16 0.720367 0.500352 0.224339 0.636694
9 0.484066 0.880434 0.060047 0.079070
9 0.294672 0.880341 0.033320 0.080456
9 0.609571 0.886358 0.038120 0.088799
9 0.357031 0.879783 0.032525 0.079738
1 0.216319 0.752946 0.039665 0.077368
17 0.434844 0.498849 0.321349 0.635220
9 0.531310 0.881333 0.031497 0.079151
13 0.670355 0.095975 0.086240 0.084041
0 0.216650 0.375171 0.053332 0.076387
2 0.216359 0.880332 0.041654 0.078981
12 0.408159 0.096098 0.084914 0.083784
9 0.799284 0.880586 0.032639 0.079972
9 0.673976 0.880112 0.062093 0.079144
10 0.796602 0.104804 0.059114 0.085517
22 0.215603 0.502135 0.044356 0.076918
14 0.528600 0.096674 0.075724 0.084395
9 0.737019 0.880091 0.057469 0.079133
21 0.216311 0.630737 0.037552 0.069503
11 0.246711 0.084789 0.116136 0.052600
23 0.428828 0.392676 0.292838 0.029656
