9 0.563056 0.881757 0.030773 0.077898
9 0.609445 0.887521 0.037720 0.088287
9 0.420784 0.881554 0.061462 0.080453
22 0.215321 0.503073 0.042420 0.076070
17 0.433873 0.500707 0.322760 0.639635
21 0.216109 0.634444 0.036957 0.067834
9 0.484004 0.882133 0.059876 0.079003
9 0.294198 0.882000 0.031506 0.079708
16 0.720341 0.502454 0.224319 0.646124
2 0.216271 0.881512 0.041536 0.078152
9 0.356936 0.881857 0.031632 0.079628
1 0.216193 0.754607 0.039319 0.076052
12 0.408437 0.099034 0.084383 0.081501
9 0.531220 0.882790 0.030700 0.079503
15 0.216332 0.252469 0.035674 0.072509
9 0.736525 0.881589 0.058438 0.078161
13 0.670319 0.100009 0.085989 0.080484
0 0.216231 0.375969 0.049623 0.075271
9 0.799267 0.882253 0.031068 0.078664
9 0.674006 0.881734 0.061617 0.078451
14 0.528865 0.099684 0.075613 0.081828
11 0.246914 0.087930 0.115346 0.052092
10 0.797232 0.107280 0.058940 0.085468
23 0.435400 0.393833 0.305900 0.030875
