9 0.432623 0.865235 0.038430 0.092992
10 0.620719 0.085168 0.058005 0.084617
17 0.254445 0.476631 0.327091 0.627411
9 0.497105 0.856208 0.060815 0.077976
9 0.244901 0.855420 0.060915 0.079471
9 0.386957 0.855959 0.030602 0.076107
13 0.494862 0.075690 0.084368 0.081933
9 0.623081 0.856331 0.032100 0.076857
9 0.307961 0.856112 0.060535 0.078834
15 0.040105 0.228518 0.036410 0.073914
16 0.544092 0.475330 0.225136 0.629750
2 0.039782 0.856535 0.043447 0.078517
9 0.355113 0.856393 0.031324 0.078155
9 0.181014 0.855791 0.033267 0.078024
9 0.118044 0.855707 0.033309 0.078895
22 0.039550 0.480264 0.046725 0.080213
1 0.039497 0.730095 0.041535 0.079191
21 0.039621 0.607971 0.039313 0.067823
9 0.560087 0.856771 0.058398 0.078344
14 0.352480 0.076131 0.075797 0.084293
12 0.231126 0.075981 0.081750 0.084499
0 0.040352 0.354004 0.054146 0.075680
11 0.069110 0.064591 0.116978 0.053580
23 0.256409 0.371643 0.306549 0.031666
