9 0.563049 0.880535 0.031119 0.077782
9 0.420576 0.880242 0.061017 0.079846
16 0.721982 0.500607 0.229217 0.633503
17 0.422700 0.504424 0.345142 0.636851
9 0.483883 0.880826 0.059828 0.078513
9 0.294402 0.880653 0.033098 0.079984
9 0.609401 0.886491 0.037630 0.087519
12 0.408799 0.098622 0.084301 0.081919
1 0.216391 0.753363 0.040084 0.076476
9 0.357006 0.880036 0.032031 0.078986
15 0.216478 0.251250 0.036107 0.072520
2 0.216151 0.879761 0.042831 0.078524
9 0.531045 0.881525 0.031002 0.079097
9 0.673678 0.880743 0.062319 0.077889
9 0.799119 0.880866 0.032588 0.078217
9 0.736380 0.880546 0.058599 0.077985
14 0.528734 0.099099 0.075890 0.082514
13 0.670369 0.099424 0.085940 0.080723
10 0.797073 0.107765 0.058499 0.085225
23 0.425589 0.395309 0.336361 0.042933
21 0.216205 0.632585 0.038241 0.069243
11 0.246735 0.086542 0.113595 0.052263
0 0.216412 0.376414 0.052775 0.075944
22 0.215555 0.503748 0.045218 0.078710
