15 0.039767 0.224676 0.035985 0.072078
22 0.038881 0.476494 0.045128 0.079764
17 0.245869 0.473242 0.346159 0.642625
16 0.542819 0.473710 0.221992 0.644371
9 0.497485 0.854989 0.060734 0.078807
2 0.039619 0.855398 0.043178 0.078173
9 0.387053 0.855145 0.030597 0.079268
1 0.039377 0.728035 0.040273 0.078847
10 0.621027 0.081408 0.058026 0.084634
9 0.622909 0.855102 0.030909 0.078480
21 0.039496 0.606569 0.038945 0.067762
9 0.307994 0.855163 0.059977 0.079445
9 0.355127 0.855544 0.030584 0.080346
9 0.432850 0.862933 0.038418 0.093123
9 0.245242 0.854746 0.060949 0.080856
13 0.494843 0.071210 0.083958 0.082681
9 0.560463 0.855220 0.057670 0.079472
14 0.352355 0.071895 0.074058 0.084807
9 0.180980 0.855085 0.032485 0.080786
9 0.117658 0.854236 0.032264 0.079101
11 0.070198 0.061008 0.115774 0.052543
12 0.231875 0.070726 0.083268 0.081383
0 0.039508 0.349357 0.051326 0.075533
23 0.248910 0.369198 0.333988 0.044672
