15 0.057615 0.234779 0.055700 0.084494
17 0.375532 0.522201 0.503695 0.730494
16 0.822303 0.517841 0.354261 0.724456
9 0.460750 0.941899 0.090861 0.063266
10 0.933875 0.071179 0.087411 0.093664
2 0.058149 0.949312 0.063218 0.077060
14 0.529161 0.061887 0.112259 0.095560
11 0.105154 0.048105 0.172179 0.060100
9 0.841032 0.941664 0.048867 0.062561
0 0.057111 0.378588 0.079480 0.084832
9 0.580733 0.942181 0.046339 0.063001
21 0.056659 0.671247 0.057611 0.079281
9 0.532738 0.942315 0.046157 0.062290
9 0.365594 0.940512 0.092343 0.064416
12 0.346881 0.062203 0.125653 0.092905
9 0.936574 0.941331 0.048975 0.063015
1 0.057292 0.810321 0.060124 0.088383
9 0.651337 0.942259 0.047942 0.063427
13 0.742947 0.060812 0.127706 0.095004
9 0.745786 0.942597 0.049175 0.065053
9 0.269437 0.942142 0.048739 0.063866
9 0.174972 0.941922 0.048604 0.064633
22 0.056223 0.523751 0.069824 0.090805
