15 0.057653 0.234559 0.056180 0.084878
2 0.057457 0.949143 0.064519 0.076724
17 0.374631 0.522618 0.502475 0.729094
9 0.460850 0.942479 0.092209 0.063775
0 0.057795 0.378585 0.080119 0.085348
9 0.580786 0.943000 0.047474 0.064024
16 0.822356 0.517442 0.354696 0.719727
14 0.530180 0.061227 0.115641 0.097664
9 0.533001 0.942699 0.046297 0.062697
10 0.932700 0.070871 0.088315 0.095871
21 0.057053 0.671892 0.058574 0.082813
12 0.347240 0.060712 0.127519 0.092696
11 0.104758 0.048219 0.172694 0.060768
9 0.365713 0.941624 0.093327 0.064993
9 0.745711 0.942541 0.050140 0.065676
9 0.841070 0.942451 0.050233 0.064104
9 0.269301 0.942458 0.049437 0.064017
13 0.741682 0.060596 0.127079 0.096054
9 0.937014 0.941738 0.049444 0.064633
9 0.174873 0.942061 0.049865 0.065003
1 0.057554 0.811322 0.060519 0.089824
9 0.651172 0.942504 0.049394 0.064051
22 0.055928 0.524310 0.072255 0.092537
