9 0.524942 0.881146 0.030967 0.079693
9 0.602891 0.887067 0.039486 0.091954
13 0.664035 0.100958 0.086569 0.083483
9 0.477446 0.880685 0.059530 0.079228
17 0.426486 0.501285 0.321495 0.633624
9 0.287354 0.881325 0.032485 0.081343
9 0.729886 0.880844 0.059455 0.079768
15 0.208950 0.253665 0.036366 0.072044
10 0.789909 0.108569 0.059406 0.086045
2 0.208808 0.881365 0.043103 0.078463
12 0.400982 0.100285 0.084838 0.082772
9 0.413946 0.879376 0.060917 0.080493
9 0.666815 0.880838 0.063001 0.080912
9 0.350135 0.880946 0.032630 0.080503
16 0.713547 0.502377 0.223782 0.640417
9 0.792689 0.880971 0.032331 0.079628
9 0.556173 0.882056 0.031744 0.079424
22 0.208681 0.503731 0.043997 0.077836
1 0.209618 0.753630 0.040603 0.079982
14 0.521536 0.101675 0.075766 0.082556
0 0.203829 0.376803 0.060467 0.074992
11 0.239955 0.089796 0.114739 0.051255
21 0.209399 0.634030 0.038640 0.070193
23 0.427571 0.395247 0.301779 0.030974
