2 0.059553 0.938119 0.063971 0.085002
15 0.059161 0.257429 0.053936 0.077831
14 0.529611 0.093555 0.113167 0.090454
18 0.827694 0.671512 0.288377 0.048158
9 0.745205 0.939447 0.092113 0.084736
9 0.176706 0.940301 0.048564 0.087378
9 0.366150 0.939062 0.091688 0.086230
9 0.580952 0.939693 0.046940 0.083969
21 0.059637 0.669056 0.057984 0.076136
9 0.650495 0.947112 0.059073 0.098124
9 0.533473 0.939771 0.047455 0.084417
17 0.369319 0.529260 0.506367 0.694935
10 0.932403 0.101585 0.088991 0.093430
12 0.347667 0.093144 0.125826 0.088052
9 0.462310 0.939296 0.091092 0.083754
19 0.826780 0.620237 0.291330 0.050788
9 0.842058 0.939814 0.090258 0.084233
0 0.059278 0.392499 0.081146 0.082800
11 0.105664 0.079638 0.173049 0.057458
13 0.742297 0.092239 0.126471 0.091109
22 0.057585 0.530750 0.070781 0.085517
9 0.270700 0.939549 0.048331 0.085270
9 0.936765 0.941075 0.052686 0.087905
1 0.060175 0.801602 0.061833 0.085458
20 0.746147 0.322693 0.147890 0.048023
23 0.361747 0.408271 0.480303 0.040055
