22 0.039312 0.476376 0.044400 0.079087
13 0.495078 0.071408 0.085307 0.084570
15 0.040316 0.222269 0.037428 0.072325
17 0.244641 0.472722 0.337849 0.632848
10 0.620733 0.080134 0.059628 0.086961
9 0.623445 0.854933 0.033777 0.078631
9 0.497390 0.854328 0.060343 0.077362
9 0.244643 0.853775 0.060420 0.079779
9 0.355529 0.854219 0.031163 0.077931
9 0.307988 0.854552 0.060158 0.078329
2 0.039720 0.854571 0.044015 0.079051
9 0.433052 0.862629 0.039078 0.092795
9 0.386930 0.853796 0.030581 0.075961
9 0.118035 0.854411 0.033242 0.079214
9 0.560087 0.855057 0.059644 0.078746
9 0.180967 0.854365 0.033848 0.078848
1 0.040243 0.727602 0.041192 0.078112
0 0.040204 0.349057 0.053066 0.076570
21 0.039609 0.606184 0.039163 0.068992
19 0.549315 0.559210 0.195431 0.048560
14 0.352432 0.070784 0.076521 0.084649
18 0.547086 0.607356 0.198226 0.046097
11 0.069409 0.060052 0.116898 0.053660
12 0.231871 0.070210 0.083793 0.083354
20 0.496258 0.286732 0.097819 0.042962
23 0.250992 0.367058 0.323575 0.037622
