2 0.060214 0.943019 0.063479 0.085139
15 0.060183 0.257006 0.053452 0.078299
9 0.177126 0.944124 0.048769 0.087373
9 0.744706 0.943421 0.092180 0.085776
21 0.060348 0.672026 0.058089 0.076228
9 0.580259 0.943597 0.047202 0.084182
9 0.840570 0.943925 0.087832 0.085151
17 0.369047 0.531208 0.503611 0.699275
9 0.366318 0.943013 0.091184 0.086616
9 0.532988 0.943676 0.046940 0.084645
11 0.105878 0.079140 0.171949 0.056420
9 0.461676 0.942974 0.090529 0.084560
9 0.649325 0.950458 0.058356 0.096845
18 0.823749 0.676001 0.290625 0.049919
10 0.930549 0.100906 0.088170 0.093392
9 0.934954 0.944661 0.051006 0.087456
0 0.059414 0.394101 0.081043 0.082136
12 0.347898 0.092345 0.124250 0.087602
14 0.529519 0.092499 0.113087 0.090541
22 0.057844 0.532453 0.070567 0.086021
9 0.271021 0.943689 0.048052 0.084796
13 0.741757 0.091844 0.127402 0.090580
1 0.061011 0.803922 0.062509 0.086033
20 0.745061 0.323724 0.148830 0.047706
19 0.825215 0.617647 0.289628 0.056400
23 0.362340 0.409817 0.479786 0.040332
