15 0.060091 0.249603 0.054373 0.079249
2 0.060114 0.939052 0.063035 0.085160
16 0.822855 0.522197 0.349501 0.704682
17 0.372785 0.525626 0.518947 0.703936
9 0.650437 0.947306 0.057850 0.101675
9 0.533523 0.939187 0.046263 0.084433
9 0.744888 0.938609 0.093108 0.085015
9 0.935981 0.939362 0.047861 0.086449
9 0.841158 0.939205 0.089208 0.086213
10 0.932636 0.092082 0.086028 0.092065
9 0.580995 0.939505 0.046610 0.084670
12 0.348460 0.082777 0.124360 0.087940
9 0.462846 0.938729 0.091146 0.087359
9 0.367434 0.938562 0.090956 0.087921
1 0.060659 0.799394 0.061124 0.084688
9 0.177675 0.940350 0.048434 0.090117
11 0.104924 0.070834 0.173630 0.055685
21 0.059689 0.665591 0.057253 0.074782
9 0.271338 0.939435 0.048059 0.086168
14 0.530108 0.083114 0.112186 0.089092
0 0.059246 0.386262 0.079405 0.080205
13 0.743212 0.082712 0.127353 0.089065
22 0.058045 0.525765 0.070818 0.085951
23 0.373132 0.405807 0.513111 0.047547
