9 0.420620 0.881776 0.061037 0.079996
9 0.563091 0.882121 0.031065 0.077789
9 0.294450 0.882011 0.033093 0.079283
9 0.483876 0.882322 0.059779 0.078430
16 0.721011 0.501699 0.226079 0.638814
9 0.356968 0.881125 0.032121 0.077961
9 0.609492 0.888325 0.037709 0.088504
12 0.408382 0.099230 0.083846 0.080766
17 0.434712 0.501110 0.321424 0.635499
9 0.531088 0.883134 0.031152 0.078990
15 0.216833 0.252740 0.037174 0.074744
0 0.216869 0.376689 0.052749 0.075713
1 0.216182 0.754480 0.038769 0.076085
9 0.799298 0.881685 0.031967 0.077621
13 0.670574 0.099695 0.086089 0.079497
2 0.216646 0.881752 0.041372 0.079322
14 0.529127 0.099682 0.075700 0.081144
21 0.216422 0.635117 0.037425 0.069050
9 0.674164 0.882067 0.061766 0.077417
22 0.215622 0.504701 0.043485 0.076507
9 0.736953 0.881656 0.056352 0.077371
10 0.797234 0.107191 0.058734 0.085017
11 0.246356 0.088081 0.115245 0.050451
23 0.429614 0.394548 0.294881 0.030533
