15 0.057522 0.234621 0.055428 0.084261
17 0.375663 0.522016 0.504195 0.728751
10 0.933873 0.071066 0.087099 0.094057
9 0.460901 0.941210 0.090897 0.063237
2 0.058168 0.948709 0.063032 0.076975
16 0.822428 0.517353 0.353820 0.721158
11 0.105145 0.048139 0.171900 0.060038
0 0.056962 0.378464 0.079595 0.084773
14 0.529261 0.061863 0.111975 0.095362
9 0.841011 0.941118 0.049244 0.062894
9 0.580846 0.941383 0.046480 0.062762
9 0.532749 0.941768 0.046155 0.062493
21 0.056730 0.670879 0.057725 0.079108
9 0.365601 0.939900 0.092399 0.064618
12 0.346814 0.062271 0.125258 0.092551
1 0.057479 0.809718 0.060045 0.088781
13 0.742825 0.060807 0.127807 0.094815
9 0.936668 0.940794 0.048889 0.063333
9 0.745716 0.942099 0.048911 0.065664
9 0.651311 0.941523 0.048061 0.063415
9 0.269546 0.941409 0.048763 0.063755
9 0.174969 0.941437 0.048948 0.064919
22 0.056326 0.523205 0.070173 0.090611
