17 0.419508 0.499090 0.340219 0.634431
9 0.420250 0.877333 0.061848 0.077715
2 0.215363 0.878677 0.042945 0.077939
9 0.609032 0.883435 0.037315 0.082967
9 0.483966 0.879026 0.060575 0.078753
9 0.531290 0.880181 0.030888 0.077547
15 0.216026 0.249700 0.036546 0.072150
13 0.670080 0.097564 0.086688 0.083109
9 0.562900 0.879078 0.031612 0.074746
9 0.293846 0.879553 0.032772 0.079749
22 0.215292 0.502218 0.043907 0.077897
9 0.799220 0.879266 0.034273 0.077558
1 0.215810 0.753616 0.040930 0.079706
19 0.724950 0.586112 0.193325 0.046515
9 0.735830 0.879193 0.058310 0.078251
10 0.796273 0.106353 0.059937 0.088526
12 0.407836 0.097264 0.085385 0.082119
14 0.528675 0.097047 0.078412 0.084449
9 0.356627 0.878890 0.033034 0.078624
0 0.215658 0.375703 0.053026 0.075660
9 0.673340 0.878501 0.059876 0.076883
20 0.671957 0.311870 0.097193 0.044461
18 0.724953 0.633833 0.194767 0.045130
21 0.215495 0.630940 0.038874 0.068385
11 0.247125 0.086339 0.116559 0.052361
23 0.421913 0.394263 0.321436 0.034185
