15 0.039878 0.229146 0.035764 0.072371
22 0.039307 0.480323 0.043928 0.079348
17 0.255215 0.477171 0.326992 0.635692
9 0.497347 0.856635 0.060118 0.078506
16 0.542653 0.477852 0.221671 0.640455
13 0.494883 0.075912 0.084803 0.083131
10 0.621045 0.085591 0.058391 0.084891
9 0.386958 0.856630 0.030683 0.079161
9 0.432807 0.864691 0.038133 0.093174
9 0.307972 0.856659 0.060253 0.079256
21 0.039613 0.607893 0.038876 0.066816
9 0.623072 0.856822 0.030978 0.078700
2 0.039634 0.856991 0.042819 0.078096
9 0.355239 0.857164 0.030996 0.080850
1 0.039713 0.729860 0.040616 0.078676
9 0.244830 0.856219 0.060958 0.081547
14 0.352805 0.076338 0.076683 0.084976
12 0.231479 0.076238 0.082237 0.084756
9 0.560692 0.856480 0.059339 0.078793
9 0.180908 0.856748 0.032679 0.080321
0 0.039362 0.353364 0.053364 0.076316
9 0.117800 0.855793 0.032507 0.079532
11 0.068901 0.064724 0.118094 0.053472
23 0.258391 0.371616 0.303604 0.032123
