16 0.823674 0.506695 0.349281 0.723805
15 0.060473 0.229685 0.054326 0.081762
2 0.060180 0.936164 0.063409 0.087748
12 0.349197 0.057354 0.123938 0.090309
21 0.060191 0.656390 0.056194 0.077823
9 0.463319 0.936782 0.090121 0.089412
9 0.367581 0.935935 0.091356 0.090296
9 0.534219 0.937054 0.046870 0.086976
9 0.581700 0.936754 0.046245 0.088893
9 0.177780 0.937415 0.047706 0.091763
17 0.386818 0.507975 0.482690 0.723859
22 0.057869 0.511512 0.070541 0.087787
10 0.933607 0.067002 0.087515 0.093774
0 0.059499 0.369403 0.079415 0.085140
9 0.746187 0.936548 0.092404 0.088621
9 0.271753 0.936924 0.047730 0.089541
9 0.650618 0.945879 0.057101 0.105290
9 0.842128 0.936727 0.089330 0.087569
13 0.743967 0.058275 0.127345 0.090859
14 0.529950 0.058000 0.112909 0.092413
9 0.936447 0.936366 0.048003 0.088849
1 0.060775 0.792241 0.061402 0.088597
23 0.393552 0.388058 0.426093 0.036630
11 0.107132 0.046215 0.172576 0.059523
