15 0.057008 0.235431 0.056419 0.084951
0 0.057454 0.378623 0.080743 0.087439
16 0.822446 0.518672 0.354729 0.726366
21 0.057202 0.673904 0.058466 0.083076
9 0.460891 0.942264 0.092911 0.066654
17 0.375508 0.522889 0.502961 0.731842
22 0.055493 0.523791 0.073950 0.092765
2 0.057226 0.949418 0.064605 0.077920
12 0.346335 0.060401 0.126692 0.093032
13 0.741640 0.060927 0.126188 0.094473
10 0.933101 0.071540 0.087424 0.095019
14 0.528778 0.061572 0.115538 0.095971
9 0.580431 0.942896 0.048074 0.065836
9 0.364880 0.941755 0.094805 0.066928
1 0.057330 0.810786 0.060232 0.088562
9 0.532646 0.942901 0.046180 0.064838
11 0.104494 0.047823 0.172433 0.060461
9 0.841176 0.942773 0.051861 0.067661
9 0.936562 0.941966 0.050813 0.066615
9 0.746063 0.942440 0.050586 0.067265
9 0.269284 0.942265 0.050016 0.066112
9 0.651406 0.942292 0.050139 0.066959
9 0.174888 0.942246 0.049965 0.066985
