16 0.543521 0.473955 0.225185 0.642742
22 0.039024 0.477098 0.045513 0.080552
1 0.040135 0.728063 0.040221 0.078909
15 0.040026 0.224931 0.036307 0.073862
2 0.039831 0.855285 0.043099 0.078636
17 0.246248 0.473012 0.345343 0.638248
9 0.387063 0.855070 0.030576 0.078722
9 0.497340 0.855643 0.059846 0.079517
14 0.352970 0.071546 0.075180 0.082819
13 0.495202 0.071863 0.083771 0.082365
10 0.621040 0.080814 0.058323 0.085770
21 0.039641 0.606985 0.038828 0.068669
9 0.622998 0.855656 0.031018 0.079880
9 0.308100 0.855500 0.059696 0.079247
9 0.355493 0.855544 0.030705 0.080202
9 0.560457 0.855962 0.057481 0.080489
9 0.244919 0.854932 0.061210 0.081538
12 0.232378 0.070632 0.083318 0.082352
9 0.433303 0.863294 0.038203 0.093132
9 0.181024 0.855145 0.032173 0.081164
9 0.117848 0.854902 0.032275 0.080032
11 0.069518 0.060672 0.116759 0.053562
0 0.039789 0.349650 0.051564 0.074774
23 0.249797 0.368525 0.336148 0.046342
