2 0.040088 0.855907 0.044074 0.079820
15 0.039914 0.227987 0.035963 0.069314
10 0.620508 0.085071 0.058063 0.085945
9 0.308150 0.856081 0.059859 0.076537
9 0.244943 0.855815 0.060810 0.078043
9 0.386830 0.856013 0.031126 0.075641
9 0.432782 0.864527 0.038149 0.092118
17 0.250451 0.474799 0.324639 0.633506
9 0.623139 0.856288 0.032284 0.076940
9 0.180833 0.855956 0.033234 0.076679
9 0.118022 0.855934 0.033201 0.077956
9 0.497349 0.856143 0.060866 0.077441
13 0.494531 0.076466 0.084499 0.081116
16 0.544381 0.475247 0.226011 0.624066
9 0.355287 0.856511 0.030700 0.076946
1 0.040260 0.730380 0.041428 0.079385
14 0.352355 0.076607 0.076722 0.083596
12 0.231262 0.075404 0.083194 0.083580
0 0.039670 0.353931 0.056093 0.076967
9 0.560280 0.856373 0.058325 0.077816
22 0.039535 0.480289 0.046863 0.080833
11 0.069374 0.064947 0.117853 0.053381
21 0.039710 0.608460 0.039852 0.070322
27 0.971698 0.977290 0.045512 0.022378
