9 0.420664 0.878734 0.061482 0.079226
17 0.422713 0.499467 0.337561 0.633442
9 0.484125 0.879120 0.059856 0.077306
9 0.294439 0.879184 0.032677 0.077892
9 0.609447 0.884404 0.037104 0.084156
9 0.563003 0.878990 0.031546 0.075250
9 0.531158 0.880392 0.030742 0.077252
13 0.670292 0.096536 0.086535 0.084278
15 0.216828 0.249225 0.037446 0.073342
9 0.357112 0.878945 0.032517 0.077747
2 0.216156 0.878651 0.042176 0.077290
0 0.215908 0.375431 0.053245 0.076258
1 0.216705 0.753034 0.039817 0.078822
9 0.799244 0.879931 0.033641 0.076383
12 0.408982 0.096426 0.084672 0.083605
22 0.214938 0.502307 0.044186 0.076372
9 0.736016 0.879126 0.057591 0.077083
14 0.529225 0.096243 0.076669 0.085803
11 0.246822 0.085830 0.116925 0.051030
9 0.673380 0.878574 0.059246 0.074731
10 0.796829 0.105575 0.059227 0.087229
20 0.673101 0.311548 0.095824 0.042047
21 0.216136 0.630922 0.038131 0.067948
23 0.424851 0.391780 0.323619 0.034489
18 0.725629 0.633853 0.196273 0.043238
