9 0.420661 0.881417 0.061054 0.080452
9 0.563043 0.882216 0.031167 0.078338
9 0.483896 0.882178 0.059812 0.078988
9 0.609711 0.888303 0.038032 0.088960
9 0.294429 0.882053 0.033100 0.080031
9 0.356998 0.881431 0.031972 0.079222
16 0.720733 0.501605 0.226048 0.637595
17 0.434720 0.501087 0.321434 0.635651
12 0.408445 0.099225 0.084006 0.080925
15 0.216769 0.252252 0.036913 0.073891
1 0.216185 0.754594 0.038931 0.075799
9 0.531141 0.883010 0.031045 0.079320
0 0.216930 0.376720 0.052744 0.075709
2 0.216674 0.881838 0.041159 0.079061
13 0.670334 0.099842 0.085901 0.079621
14 0.529007 0.099652 0.075629 0.081100
9 0.799272 0.881968 0.032176 0.078436
9 0.673870 0.882256 0.061611 0.078230
22 0.215679 0.504412 0.043501 0.076121
21 0.216369 0.634809 0.037342 0.068294
10 0.797227 0.107234 0.058632 0.085052
9 0.736631 0.881748 0.057387 0.078152
11 0.246278 0.088059 0.115554 0.050653
23 0.429317 0.394472 0.294862 0.030443
