2 0.059692 0.937718 0.063978 0.084860
15 0.059269 0.256447 0.054082 0.078689
9 0.745178 0.939229 0.091826 0.084893
18 0.827736 0.674030 0.288316 0.050766
9 0.176598 0.940067 0.049607 0.087354
12 0.349243 0.092663 0.125722 0.090361
17 0.370454 0.527282 0.507334 0.693445
10 0.932853 0.101519 0.088022 0.091444
0 0.059320 0.391751 0.081598 0.083070
9 0.841996 0.939412 0.090110 0.084802
14 0.530238 0.092785 0.113999 0.091956
9 0.366180 0.938381 0.092074 0.085969
21 0.059968 0.669330 0.059316 0.076453
9 0.650866 0.946976 0.058760 0.098139
9 0.533495 0.939591 0.047862 0.084339
13 0.741958 0.092358 0.128160 0.092951
9 0.461680 0.939086 0.090761 0.083522
19 0.827416 0.619441 0.291390 0.054177
9 0.270864 0.939218 0.049261 0.084424
9 0.581037 0.939353 0.047531 0.083987
11 0.105735 0.079238 0.174041 0.057177
9 0.936303 0.940124 0.052404 0.087149
22 0.057844 0.531035 0.071338 0.087015
1 0.059977 0.801124 0.061941 0.088732
23 0.363556 0.409665 0.501467 0.040839
20 0.745845 0.321275 0.146635 0.051282
