15 0.057463 0.235254 0.055642 0.084587
17 0.376575 0.518947 0.502735 0.731757
16 0.822659 0.518344 0.354273 0.731646
2 0.057566 0.949740 0.063958 0.076610
21 0.056690 0.672929 0.057233 0.080823
0 0.057377 0.379262 0.079862 0.084969
9 0.580445 0.943421 0.047168 0.064998
9 0.460925 0.942739 0.092508 0.065507
9 0.532905 0.943465 0.046008 0.064398
11 0.104590 0.048126 0.172441 0.060424
12 0.346613 0.061453 0.125785 0.093126
14 0.528886 0.061006 0.114937 0.095646
1 0.057187 0.811258 0.059549 0.087748
9 0.365364 0.941358 0.092477 0.066577
10 0.932910 0.071188 0.088124 0.096715
9 0.841007 0.942346 0.049891 0.064586
22 0.055187 0.523854 0.072572 0.093242
9 0.745776 0.943062 0.049295 0.067111
9 0.936768 0.942138 0.048266 0.064018
13 0.742529 0.060768 0.127146 0.095506
9 0.269769 0.942642 0.048326 0.064556
9 0.651155 0.942323 0.048388 0.064903
9 0.174916 0.941437 0.048293 0.064019
2 0.008396 0.972812 0.016791 0.025340
