2 0.059594 0.936299 0.064826 0.085182
15 0.059317 0.256458 0.055371 0.078555
17 0.369810 0.527149 0.507400 0.691139
12 0.347898 0.092140 0.127653 0.090402
18 0.826560 0.670165 0.295197 0.047022
9 0.745344 0.938342 0.092315 0.085698
9 0.581094 0.938298 0.047876 0.084887
9 0.533505 0.938643 0.047965 0.084823
10 0.931246 0.101468 0.089392 0.093252
9 0.176677 0.938253 0.049913 0.087439
9 0.842273 0.938204 0.090462 0.085691
0 0.059350 0.391562 0.081545 0.084344
9 0.650693 0.945832 0.059033 0.100463
21 0.059291 0.667965 0.058577 0.076802
9 0.461953 0.936913 0.091645 0.084736
19 0.826635 0.618794 0.293230 0.051710
9 0.366211 0.937190 0.092501 0.086618
9 0.270968 0.938177 0.049246 0.084885
11 0.105907 0.079206 0.174256 0.057992
9 0.936541 0.939795 0.053114 0.087980
14 0.530958 0.093342 0.114226 0.091978
13 0.741679 0.092528 0.126078 0.092185
22 0.057519 0.529013 0.070960 0.087772
1 0.060358 0.799706 0.062242 0.086734
20 0.744746 0.320993 0.146883 0.049043
23 0.364408 0.407931 0.478315 0.040584
