2 0.059546 0.938286 0.064286 0.084717
15 0.059219 0.257512 0.054815 0.077786
17 0.370979 0.528937 0.506815 0.693162
12 0.347724 0.092573 0.125998 0.088748
14 0.529638 0.092926 0.112583 0.090807
18 0.828275 0.670910 0.290514 0.046653
9 0.533459 0.939938 0.047581 0.084782
9 0.744985 0.939611 0.092054 0.085052
9 0.581102 0.939475 0.047177 0.083734
9 0.176765 0.939795 0.048834 0.086360
10 0.932684 0.101555 0.088369 0.092458
9 0.366309 0.939125 0.091633 0.086594
19 0.827253 0.619978 0.292307 0.050293
9 0.650609 0.947442 0.059033 0.098731
9 0.842124 0.939737 0.090622 0.084962
9 0.461627 0.939689 0.090913 0.084658
21 0.059539 0.669056 0.058094 0.075933
0 0.058932 0.393534 0.080797 0.082012
11 0.105495 0.079649 0.172315 0.057408
9 0.936628 0.940559 0.052436 0.087373
13 0.743458 0.091917 0.128612 0.090997
9 0.270681 0.939400 0.048328 0.085042
22 0.057499 0.530787 0.070182 0.085562
1 0.060352 0.801735 0.061049 0.084788
20 0.745380 0.322455 0.147919 0.047224
23 0.367874 0.409271 0.497312 0.041021
