12 0.409128 0.101413 0.084597 0.081591
16 0.722484 0.505149 0.227365 0.642064
9 0.799106 0.884474 0.032228 0.078790
9 0.608905 0.889141 0.037865 0.088801
17 0.422565 0.507016 0.346687 0.637171
9 0.562893 0.884520 0.030287 0.078303
9 0.420926 0.884232 0.061747 0.080460
1 0.216415 0.757607 0.040453 0.078129
2 0.216087 0.884531 0.042199 0.080011
21 0.216043 0.635830 0.038041 0.069755
9 0.673313 0.884231 0.062260 0.079728
9 0.531293 0.884630 0.030591 0.079050
10 0.797273 0.109620 0.059353 0.085960
15 0.216199 0.254729 0.035496 0.072389
9 0.294375 0.884579 0.032155 0.079574
9 0.736806 0.884201 0.058757 0.079147
9 0.484601 0.883998 0.059627 0.077979
14 0.529529 0.101721 0.077432 0.082511
22 0.215109 0.506327 0.045222 0.079159
13 0.670573 0.102827 0.086299 0.081036
23 0.423555 0.399798 0.332001 0.041670
9 0.357168 0.884439 0.031104 0.079356
11 0.247105 0.090863 0.117235 0.052842
0 0.215782 0.378460 0.050959 0.074988
