17 0.420376 0.499475 0.338400 0.635794
9 0.420650 0.878255 0.061663 0.078705
2 0.215965 0.878605 0.042506 0.078067
9 0.609384 0.883498 0.037363 0.083182
9 0.484212 0.878676 0.060143 0.076986
9 0.563020 0.879336 0.031326 0.075739
9 0.531314 0.880248 0.030667 0.077632
13 0.670146 0.097181 0.086560 0.083907
15 0.216439 0.249467 0.036144 0.072586
9 0.294209 0.879391 0.032146 0.079109
22 0.215053 0.502409 0.043843 0.076002
9 0.799179 0.880384 0.033632 0.078115
1 0.216664 0.753383 0.039499 0.079136
9 0.735540 0.878933 0.058773 0.077715
0 0.216072 0.375242 0.052740 0.075701
9 0.356915 0.878713 0.032279 0.078341
12 0.408659 0.096534 0.084722 0.082399
14 0.528689 0.096529 0.077982 0.085117
9 0.673209 0.878273 0.059277 0.075808
21 0.215915 0.631196 0.037964 0.067619
11 0.247150 0.085420 0.117378 0.051939
10 0.796565 0.105667 0.059169 0.087434
20 0.672831 0.311620 0.096708 0.043352
23 0.424082 0.391024 0.326983 0.035451
18 0.724581 0.634321 0.193795 0.043137
19 0.724659 0.582933 0.194785 0.048452
