22 0.039128 0.476418 0.044193 0.079739
13 0.495133 0.071243 0.084841 0.085304
15 0.039758 0.222704 0.035855 0.072920
17 0.243985 0.471223 0.339390 0.634374
9 0.623227 0.854757 0.033423 0.078663
9 0.559525 0.854742 0.059002 0.078537
10 0.621000 0.080954 0.058752 0.085686
9 0.497185 0.854218 0.059970 0.077455
2 0.039869 0.854506 0.043480 0.079916
9 0.386919 0.854325 0.031001 0.077882
9 0.355190 0.854282 0.030563 0.078095
9 0.244670 0.854115 0.061254 0.079897
1 0.039771 0.727979 0.041060 0.079204
9 0.308012 0.854458 0.060164 0.078067
9 0.432920 0.861413 0.038697 0.090849
21 0.039503 0.605805 0.038970 0.067224
9 0.180953 0.853933 0.033194 0.079034
14 0.352265 0.071094 0.075722 0.084968
9 0.117509 0.854131 0.033084 0.079672
19 0.549284 0.559486 0.194360 0.046972
0 0.040137 0.348939 0.052886 0.076457
18 0.547402 0.606628 0.196791 0.045001
11 0.069339 0.060318 0.115603 0.051954
12 0.231913 0.070286 0.084106 0.083823
20 0.495874 0.286804 0.098914 0.042699
23 0.245191 0.368177 0.317863 0.036260
