17 0.421321 0.501571 0.336966 0.631231
9 0.420331 0.880698 0.061082 0.078471
9 0.483946 0.881323 0.060142 0.077170
9 0.609023 0.886830 0.036990 0.084256
9 0.293998 0.881999 0.032718 0.079081
15 0.216494 0.253244 0.036151 0.071696
9 0.799175 0.881942 0.033816 0.076028
9 0.562613 0.881229 0.031064 0.074987
9 0.531048 0.882361 0.030706 0.077118
2 0.215748 0.880836 0.042066 0.077584
1 0.216143 0.755225 0.039877 0.078189
12 0.408523 0.100072 0.084733 0.082939
13 0.670210 0.100171 0.086667 0.083611
0 0.215886 0.378374 0.053192 0.075924
9 0.356732 0.881239 0.032759 0.077992
9 0.735946 0.881429 0.058519 0.077085
19 0.726664 0.589624 0.196738 0.045806
14 0.529089 0.100073 0.076254 0.084678
9 0.673047 0.881091 0.059870 0.075178
11 0.246089 0.089293 0.117016 0.050995
10 0.796640 0.108728 0.059324 0.086728
20 0.672440 0.314443 0.096492 0.042696
22 0.214834 0.505454 0.045047 0.077023
18 0.726854 0.635147 0.199145 0.044689
23 0.424271 0.396178 0.317352 0.033640
21 0.215552 0.633372 0.038050 0.068031
