22 0.039199 0.476670 0.044643 0.079653
13 0.495317 0.070820 0.085267 0.085062
10 0.620928 0.080356 0.058710 0.085025
15 0.040414 0.224224 0.035974 0.074158
9 0.623395 0.855263 0.033835 0.078726
17 0.245404 0.472039 0.337867 0.632369
9 0.355345 0.854464 0.030468 0.077590
9 0.386840 0.854140 0.030841 0.076850
9 0.497170 0.854397 0.060465 0.077357
9 0.559810 0.855212 0.059691 0.078589
2 0.039992 0.854742 0.043670 0.079247
9 0.244823 0.854122 0.061072 0.079344
9 0.432986 0.862633 0.038886 0.092498
9 0.181066 0.854195 0.033555 0.078384
1 0.040077 0.727975 0.040816 0.078273
9 0.308043 0.854768 0.059773 0.077777
19 0.549599 0.559374 0.195503 0.048796
18 0.547165 0.606530 0.197595 0.044247
9 0.117671 0.854462 0.032933 0.079115
21 0.039570 0.606080 0.039039 0.067724
0 0.040141 0.349069 0.053237 0.076561
14 0.352240 0.070723 0.075548 0.084768
11 0.069940 0.060272 0.114603 0.051851
12 0.231678 0.070014 0.082530 0.083092
20 0.496297 0.286845 0.098050 0.042261
23 0.245710 0.369542 0.307713 0.036488
