15 0.057511 0.234613 0.055318 0.084307
17 0.375973 0.521966 0.503799 0.728760
9 0.460871 0.941302 0.090938 0.063131
11 0.105248 0.048158 0.171696 0.059992
2 0.057944 0.948630 0.063002 0.077209
10 0.933931 0.071159 0.087132 0.093814
16 0.822581 0.517148 0.353927 0.720532
9 0.840992 0.941186 0.049229 0.062836
9 0.580836 0.941469 0.046480 0.062664
0 0.056941 0.378529 0.079494 0.084935
14 0.529245 0.061911 0.111587 0.095117
21 0.056794 0.670831 0.057801 0.079149
9 0.365604 0.939886 0.092463 0.064561
9 0.532713 0.941819 0.046023 0.062622
12 0.346993 0.062309 0.124937 0.092281
1 0.057457 0.809811 0.060252 0.088694
9 0.936666 0.940731 0.048918 0.063053
13 0.742917 0.060582 0.128278 0.094865
9 0.745656 0.941937 0.048841 0.065262
9 0.651359 0.941599 0.048034 0.063304
9 0.269524 0.941434 0.048795 0.063704
9 0.175001 0.941380 0.048957 0.064744
22 0.056197 0.523341 0.069705 0.090671
