2 0.059541 0.938287 0.063738 0.084144
15 0.059111 0.257461 0.053019 0.077697
14 0.529372 0.092952 0.112573 0.091031
9 0.744968 0.939083 0.092320 0.084641
18 0.827857 0.673632 0.288069 0.049466
12 0.348507 0.092624 0.124429 0.088931
10 0.932714 0.101763 0.088173 0.091313
9 0.176647 0.939734 0.048540 0.086696
17 0.370539 0.527525 0.506535 0.694168
9 0.366238 0.938734 0.091306 0.085947
9 0.650629 0.947235 0.058529 0.098356
9 0.842013 0.939439 0.089697 0.084356
0 0.059295 0.392539 0.081190 0.082475
21 0.059717 0.669233 0.058086 0.076288
9 0.533465 0.939606 0.047317 0.084577
9 0.581122 0.939236 0.046448 0.083319
9 0.462499 0.938944 0.090824 0.083342
13 0.743032 0.092218 0.127710 0.091048
11 0.105955 0.079266 0.172581 0.057032
19 0.827685 0.620155 0.291194 0.054162
9 0.270870 0.939318 0.048407 0.084331
9 0.936314 0.940097 0.051875 0.086843
22 0.057509 0.531210 0.070423 0.085841
1 0.060013 0.800733 0.061219 0.087706
23 0.366127 0.410207 0.495934 0.040534
20 0.746257 0.322438 0.148016 0.047921
