9 0.563058 0.881389 0.030916 0.077170
17 0.422359 0.505563 0.345256 0.637389
9 0.609137 0.887055 0.037376 0.086723
16 0.721256 0.503463 0.226082 0.641778
12 0.408808 0.101189 0.084105 0.081566
2 0.215753 0.881576 0.042376 0.078700
9 0.420778 0.881399 0.061457 0.079554
9 0.483952 0.882031 0.059804 0.078197
1 0.215956 0.755066 0.039462 0.076522
9 0.294228 0.881734 0.031498 0.078940
9 0.530916 0.882559 0.030708 0.078807
15 0.216360 0.253982 0.035611 0.071275
9 0.736891 0.881261 0.057718 0.076859
9 0.356893 0.881961 0.031585 0.079191
9 0.799215 0.882318 0.031394 0.078507
9 0.673856 0.881690 0.061495 0.077909
23 0.424029 0.397721 0.337403 0.044317
13 0.670527 0.102114 0.085748 0.081794
22 0.215152 0.505145 0.044561 0.079029
21 0.216003 0.634339 0.037829 0.068021
14 0.528856 0.102181 0.075423 0.081724
0 0.215141 0.377379 0.049924 0.074721
11 0.247080 0.090094 0.115153 0.050286
10 0.797165 0.109757 0.058865 0.085068
