15 0.060270 0.248928 0.056552 0.080354
2 0.060039 0.937725 0.064354 0.085964
9 0.745782 0.938106 0.093122 0.086385
9 0.841382 0.938977 0.088881 0.086460
17 0.372038 0.526298 0.516711 0.704356
9 0.367180 0.937683 0.092387 0.088093
9 0.462826 0.937955 0.091531 0.087067
9 0.533702 0.939004 0.047399 0.085641
10 0.932837 0.091427 0.086996 0.092887
9 0.581542 0.939282 0.048087 0.086456
9 0.271419 0.938346 0.050097 0.086036
9 0.936163 0.938854 0.049903 0.088180
12 0.348254 0.082951 0.127244 0.088976
9 0.650943 0.946950 0.057825 0.102207
9 0.177685 0.939336 0.049935 0.090012
14 0.530209 0.083314 0.114896 0.088418
16 0.822966 0.519740 0.351399 0.691380
0 0.059308 0.386281 0.080133 0.081600
13 0.742886 0.083214 0.127843 0.089034
1 0.060846 0.799739 0.060724 0.086482
11 0.105854 0.070250 0.173336 0.057621
21 0.060293 0.666016 0.059164 0.078724
23 0.376360 0.406568 0.524410 0.046032
22 0.058799 0.525589 0.071388 0.088742
