9 0.420679 0.878004 0.061544 0.077847
17 0.423289 0.499030 0.338910 0.634334
2 0.215991 0.878537 0.041839 0.077365
9 0.609355 0.884399 0.036422 0.084414
9 0.484237 0.879003 0.059993 0.075626
9 0.294242 0.879367 0.031977 0.077500
9 0.562870 0.879381 0.031254 0.074597
9 0.799158 0.880501 0.033276 0.078519
9 0.531158 0.880020 0.030332 0.076431
1 0.216779 0.753486 0.039959 0.079264
15 0.216341 0.249512 0.035516 0.073157
13 0.671076 0.096533 0.085854 0.084955
14 0.529619 0.096381 0.076625 0.085531
22 0.214928 0.502435 0.044712 0.076529
12 0.409141 0.096130 0.084132 0.083454
10 0.796810 0.105325 0.059278 0.087251
9 0.357019 0.878922 0.031956 0.077765
0 0.215668 0.375110 0.053256 0.075809
11 0.247104 0.085128 0.116871 0.052139
9 0.736424 0.880227 0.057560 0.077201
21 0.216092 0.631464 0.037717 0.068469
9 0.673323 0.878204 0.058962 0.074562
20 0.672682 0.311720 0.095604 0.043006
23 0.425044 0.391904 0.324168 0.034801
18 0.725110 0.634814 0.194024 0.048224
19 0.724769 0.582267 0.196298 0.047320
