9 0.563038 0.880162 0.030872 0.077641
17 0.422386 0.503393 0.345236 0.637839
9 0.609310 0.885840 0.037377 0.087447
2 0.215770 0.880425 0.042694 0.078997
16 0.721473 0.501611 0.225906 0.642370
12 0.408832 0.098577 0.084227 0.081787
9 0.483979 0.880706 0.059857 0.078728
9 0.420742 0.880060 0.061338 0.080035
1 0.216026 0.753387 0.039660 0.076478
15 0.216293 0.251778 0.035473 0.071239
9 0.531167 0.881705 0.030811 0.080156
9 0.294241 0.880826 0.031546 0.080086
9 0.736800 0.880207 0.058502 0.077619
9 0.356939 0.880681 0.031540 0.079757
9 0.673648 0.880371 0.061389 0.078519
9 0.799243 0.881252 0.031598 0.078969
21 0.215883 0.632960 0.037696 0.068593
13 0.670606 0.099673 0.085456 0.082146
22 0.215098 0.502997 0.044978 0.079470
14 0.528687 0.099512 0.075837 0.082491
23 0.424049 0.395803 0.337242 0.043181
10 0.797028 0.107430 0.058806 0.085571
0 0.215473 0.375640 0.050599 0.074773
11 0.247152 0.087468 0.115182 0.050682
