9 0.386840 0.856186 0.030522 0.076681
9 0.432757 0.865302 0.038717 0.092968
10 0.620832 0.085109 0.057499 0.084011
17 0.254632 0.476300 0.326114 0.627100
15 0.040083 0.229390 0.035870 0.073327
13 0.494540 0.075596 0.083965 0.082358
9 0.497479 0.856770 0.060909 0.078382
16 0.543678 0.475606 0.227835 0.630458
9 0.622919 0.856569 0.031858 0.076966
9 0.245238 0.855953 0.060869 0.078728
9 0.307983 0.856313 0.060309 0.078897
9 0.355161 0.856771 0.030830 0.078315
9 0.181006 0.855979 0.033000 0.078186
1 0.039377 0.729502 0.041181 0.078010
2 0.039822 0.856216 0.043511 0.077856
9 0.117804 0.856014 0.032912 0.078833
22 0.039539 0.479774 0.046631 0.079762
9 0.560245 0.857058 0.058316 0.078815
14 0.352270 0.075985 0.075324 0.085289
0 0.039770 0.353877 0.055814 0.076582
21 0.039676 0.607973 0.039016 0.069234
12 0.231607 0.076002 0.082060 0.084874
11 0.069203 0.065300 0.115721 0.053028
23 0.253751 0.371813 0.296888 0.031961
