22 0.039263 0.476387 0.044261 0.079385
13 0.495033 0.071366 0.084746 0.085158
15 0.039818 0.222632 0.036129 0.073043
17 0.243994 0.471209 0.339699 0.634407
2 0.039726 0.854580 0.043671 0.079135
9 0.623151 0.854842 0.033407 0.078817
9 0.559558 0.854847 0.058734 0.078721
9 0.497288 0.854336 0.059708 0.078180
10 0.620992 0.080852 0.058757 0.085965
9 0.386874 0.854305 0.031187 0.077976
1 0.039797 0.727554 0.041044 0.078772
9 0.355326 0.854076 0.030519 0.078194
9 0.308021 0.854635 0.060155 0.078199
9 0.244723 0.853966 0.060929 0.080206
9 0.432986 0.861576 0.038509 0.091214
14 0.352350 0.071265 0.076079 0.084640
9 0.180949 0.854029 0.033226 0.079360
21 0.039548 0.605971 0.038907 0.067225
9 0.117549 0.854239 0.033091 0.080403
19 0.549311 0.559360 0.194283 0.047029
0 0.040213 0.348680 0.052726 0.076408
12 0.231988 0.070527 0.084186 0.083489
11 0.069359 0.060299 0.115734 0.052092
18 0.549165 0.606863 0.196124 0.045116
20 0.495712 0.286763 0.098962 0.042835
23 0.245101 0.367607 0.317747 0.036276
