1 0.209817 0.753482 0.041225 0.081628
9 0.524927 0.881498 0.030870 0.079990
10 0.790145 0.108241 0.060013 0.086063
12 0.401569 0.100627 0.084256 0.081601
17 0.428429 0.501156 0.318832 0.633409
16 0.714413 0.501824 0.226048 0.636250
13 0.664073 0.101342 0.086293 0.082050
9 0.602795 0.887727 0.038689 0.092542
9 0.287496 0.881813 0.032092 0.081516
22 0.208705 0.503542 0.044313 0.077096
9 0.730004 0.880981 0.059464 0.080252
9 0.666201 0.881502 0.062060 0.081172
15 0.208975 0.253492 0.036367 0.073226
9 0.413768 0.879640 0.060694 0.080743
9 0.477343 0.880678 0.059639 0.079149
9 0.556048 0.882257 0.031359 0.079418
9 0.350302 0.881193 0.032003 0.080542
9 0.792810 0.881028 0.031933 0.079723
2 0.209002 0.881289 0.043374 0.080206
14 0.521382 0.101083 0.074946 0.082716
23 0.426634 0.395687 0.302285 0.031862
11 0.240162 0.089301 0.115106 0.052013
0 0.205014 0.377262 0.061037 0.075441
21 0.209561 0.633991 0.038352 0.071278
