16 0.824075 0.507158 0.348791 0.723535
2 0.060311 0.935744 0.063454 0.087872
15 0.060616 0.228664 0.054390 0.081132
12 0.349468 0.057504 0.124622 0.091992
9 0.463069 0.935642 0.090906 0.089906
22 0.058221 0.510888 0.071134 0.088398
9 0.534076 0.936416 0.047279 0.088489
9 0.581851 0.936401 0.046563 0.090534
9 0.177818 0.936577 0.049161 0.092562
21 0.060546 0.655899 0.057707 0.078270
9 0.367235 0.935084 0.092215 0.091029
17 0.386924 0.508750 0.485387 0.722035
0 0.059570 0.369091 0.080092 0.086644
9 0.842396 0.935750 0.088639 0.088995
9 0.271732 0.936081 0.048467 0.090597
9 0.746509 0.935825 0.092643 0.090070
14 0.530614 0.057872 0.113333 0.093597
10 0.933435 0.066572 0.088936 0.093845
9 0.936529 0.935972 0.048813 0.090813
13 0.743088 0.058265 0.128127 0.091785
9 0.651347 0.944041 0.058990 0.105948
1 0.060853 0.791758 0.061583 0.089439
11 0.106765 0.045940 0.175225 0.060646
23 0.394784 0.388091 0.426794 0.036283
