9 0.420604 0.881489 0.061033 0.079273
9 0.563092 0.881636 0.031086 0.077250
16 0.722217 0.502353 0.228776 0.632907
17 0.422502 0.504864 0.345195 0.635168
9 0.483871 0.882152 0.059769 0.078270
9 0.294500 0.881414 0.033114 0.078628
12 0.408741 0.101259 0.084098 0.081666
1 0.216345 0.755193 0.039863 0.076630
9 0.609172 0.887657 0.037617 0.086934
9 0.357008 0.881156 0.032078 0.078404
9 0.531012 0.882739 0.031094 0.078563
2 0.216271 0.880811 0.042587 0.077986
9 0.673987 0.881732 0.062406 0.077090
15 0.216796 0.253828 0.036797 0.072427
9 0.799066 0.881929 0.032376 0.077435
9 0.736598 0.881628 0.057700 0.077181
13 0.670417 0.102086 0.085772 0.080435
14 0.528945 0.101825 0.075387 0.082293
23 0.425604 0.397305 0.334909 0.043372
10 0.797048 0.110007 0.058437 0.084824
21 0.216331 0.634087 0.038165 0.068917
11 0.246626 0.089135 0.113150 0.051926
0 0.216142 0.378019 0.052386 0.075957
22 0.215588 0.505899 0.044798 0.078281
