22 0.039070 0.476296 0.043855 0.079026
13 0.494904 0.071044 0.084785 0.085248
17 0.247562 0.471381 0.337659 0.633400
9 0.497216 0.854387 0.059835 0.077594
2 0.039771 0.854746 0.043668 0.079802
15 0.040002 0.223010 0.036464 0.073619
10 0.620771 0.080291 0.059311 0.085995
9 0.244563 0.853566 0.060430 0.079455
9 0.623328 0.855167 0.032911 0.078752
9 0.387046 0.854049 0.030309 0.076415
1 0.040092 0.728361 0.040948 0.079859
9 0.308098 0.854283 0.060290 0.078225
9 0.355577 0.854377 0.031079 0.078282
9 0.117947 0.854604 0.032849 0.080034
9 0.560204 0.855133 0.059506 0.078358
14 0.352441 0.070968 0.075419 0.086159
19 0.549289 0.559790 0.194208 0.049474
9 0.433126 0.861510 0.038137 0.090711
9 0.181085 0.854115 0.032902 0.078863
0 0.040152 0.349017 0.052396 0.075942
21 0.039605 0.606049 0.039701 0.069798
12 0.232727 0.069658 0.083993 0.084809
11 0.069919 0.060305 0.116593 0.053403
18 0.549877 0.611826 0.195766 0.048075
20 0.495813 0.286627 0.098318 0.045571
23 0.252124 0.366432 0.323586 0.037240
