9 0.563072 0.880287 0.030778 0.077548
9 0.420922 0.879239 0.061541 0.080632
9 0.609477 0.885361 0.037774 0.087769
22 0.215384 0.501452 0.042639 0.077006
17 0.434370 0.498947 0.322440 0.639856
2 0.216458 0.880755 0.041266 0.077874
9 0.531256 0.881213 0.030988 0.078892
9 0.294406 0.880385 0.032123 0.079939
15 0.216255 0.250082 0.036210 0.072430
9 0.484345 0.880121 0.059318 0.079298
1 0.216277 0.753529 0.039913 0.077420
16 0.721131 0.500292 0.223955 0.645214
9 0.356848 0.879939 0.032204 0.080154
13 0.670291 0.096204 0.086198 0.083762
9 0.736992 0.879876 0.057652 0.079411
0 0.215974 0.375275 0.050997 0.076133
21 0.215997 0.631648 0.037194 0.069164
12 0.408223 0.096261 0.085360 0.084478
9 0.799439 0.880603 0.031269 0.079298
14 0.528388 0.096757 0.077433 0.083331
9 0.673874 0.880219 0.060812 0.079775
10 0.796619 0.104817 0.059030 0.086314
23 0.433104 0.393372 0.298142 0.030327
11 0.246055 0.085051 0.119247 0.054437
