2 0.060325 0.941680 0.063545 0.085788
9 0.177110 0.943194 0.048458 0.087320
15 0.060176 0.256679 0.052960 0.078375
9 0.744588 0.942125 0.092208 0.085070
21 0.060393 0.671231 0.057774 0.076034
9 0.580243 0.942453 0.047040 0.083956
9 0.366186 0.941907 0.091227 0.086352
17 0.369203 0.530859 0.504037 0.697918
9 0.840490 0.942631 0.087348 0.084680
9 0.533089 0.942695 0.047219 0.084491
9 0.461699 0.941864 0.090569 0.084243
10 0.930628 0.100698 0.087736 0.092637
18 0.823632 0.675321 0.290991 0.050183
11 0.106153 0.079074 0.171397 0.056583
12 0.347986 0.092266 0.124070 0.087582
9 0.934846 0.943456 0.050580 0.087154
9 0.649481 0.949421 0.058626 0.096479
0 0.059254 0.393716 0.080946 0.081674
14 0.529605 0.092495 0.112437 0.090718
13 0.741769 0.091445 0.126516 0.091331
9 0.270902 0.942566 0.047955 0.084240
22 0.057875 0.531953 0.070611 0.085802
20 0.745108 0.323971 0.148191 0.047319
19 0.825205 0.617724 0.289621 0.054948
1 0.060964 0.803130 0.062075 0.085747
23 0.362665 0.409083 0.478334 0.040529
