9 0.602879 0.886976 0.039267 0.091619
9 0.524811 0.880703 0.030491 0.078836
13 0.663720 0.101126 0.086263 0.083655
9 0.477376 0.880559 0.059657 0.078818
17 0.426884 0.501141 0.319309 0.632913
9 0.287450 0.881130 0.031881 0.080426
9 0.730103 0.880859 0.059070 0.079670
9 0.666638 0.881077 0.062799 0.080465
10 0.789847 0.109020 0.059065 0.085148
9 0.413908 0.879395 0.060610 0.080047
2 0.208719 0.881307 0.042777 0.078654
9 0.556023 0.882024 0.031713 0.078861
16 0.712822 0.502421 0.225139 0.640265
9 0.350118 0.880896 0.032002 0.080171
9 0.792648 0.880932 0.032065 0.079379
0 0.204180 0.377119 0.058774 0.074638
12 0.400857 0.100480 0.084446 0.082494
15 0.209057 0.253497 0.035555 0.071831
1 0.209754 0.754516 0.039438 0.078728
14 0.521626 0.101604 0.074553 0.083926
22 0.208802 0.503741 0.044346 0.077761
11 0.239847 0.089475 0.114746 0.050248
23 0.427639 0.395391 0.301350 0.031025
21 0.209318 0.633284 0.039004 0.069447
