15 0.057537 0.235107 0.054780 0.084344
17 0.377224 0.518084 0.501590 0.731218
16 0.822593 0.518425 0.354238 0.730443
21 0.056642 0.671590 0.056785 0.077884
0 0.056820 0.378465 0.079505 0.084284
11 0.105038 0.048270 0.171798 0.059828
2 0.057627 0.948831 0.063123 0.076953
9 0.460876 0.941212 0.091105 0.064651
9 0.841197 0.940899 0.048508 0.063508
9 0.580412 0.941604 0.046524 0.064385
10 0.934044 0.071363 0.087284 0.093940
1 0.057012 0.810004 0.059343 0.087238
12 0.346939 0.062254 0.124945 0.091443
14 0.529096 0.061939 0.111941 0.094340
13 0.742761 0.061074 0.127448 0.093978
9 0.532313 0.942098 0.045218 0.064336
9 0.365474 0.939587 0.091799 0.066029
9 0.936530 0.940528 0.047326 0.063222
9 0.745799 0.941919 0.048151 0.066102
9 0.269769 0.941652 0.047562 0.064080
22 0.054880 0.523405 0.072290 0.092366
9 0.651146 0.941254 0.047243 0.064411
9 0.175007 0.941023 0.047591 0.065205
