22 0.039155 0.476319 0.044876 0.079797
13 0.495378 0.070745 0.084736 0.085691
15 0.040167 0.224273 0.035718 0.073923
17 0.246702 0.471995 0.337407 0.632940
10 0.621100 0.080352 0.058484 0.084675
9 0.497056 0.854172 0.060366 0.077288
2 0.039850 0.854442 0.043483 0.079852
9 0.386986 0.854157 0.030589 0.077031
9 0.623180 0.854797 0.033262 0.077953
9 0.244770 0.853797 0.061123 0.079156
14 0.352975 0.070914 0.075198 0.085084
9 0.355320 0.854601 0.030799 0.078885
1 0.039890 0.728700 0.040917 0.080197
9 0.560170 0.855113 0.059661 0.078331
9 0.117737 0.854251 0.032674 0.079139
9 0.181141 0.853818 0.032703 0.078445
9 0.308150 0.854441 0.059842 0.077481
19 0.549489 0.559860 0.194083 0.049663
21 0.039470 0.606168 0.039318 0.068418
18 0.549971 0.611342 0.195469 0.046087
0 0.039973 0.349186 0.052944 0.076033
9 0.433128 0.861941 0.038065 0.091492
11 0.070385 0.060416 0.115030 0.052625
12 0.232195 0.069436 0.083011 0.084565
20 0.495985 0.286614 0.098380 0.044928
23 0.248266 0.366806 0.316905 0.036963
