17 0.246092 0.472185 0.343548 0.633919
15 0.040100 0.224109 0.037084 0.073451
9 0.432690 0.863407 0.038789 0.093127
2 0.039953 0.854915 0.044110 0.079201
9 0.387060 0.854177 0.030385 0.076150
10 0.620565 0.080601 0.058154 0.085079
9 0.623137 0.854573 0.032078 0.077356
9 0.244837 0.853873 0.060894 0.079148
9 0.308078 0.854688 0.060057 0.077756
1 0.039872 0.728531 0.040535 0.077973
9 0.497282 0.854570 0.060816 0.078624
9 0.355320 0.854735 0.031237 0.078094
22 0.039280 0.476935 0.047686 0.081643
9 0.118190 0.854228 0.033214 0.078797
9 0.181021 0.854414 0.033085 0.078845
13 0.494589 0.071016 0.083815 0.081330
16 0.545024 0.471566 0.225780 0.634979
9 0.560310 0.855113 0.058461 0.078752
14 0.352297 0.071026 0.075175 0.083338
21 0.039611 0.606521 0.039789 0.069815
12 0.231792 0.070520 0.083806 0.081386
11 0.069900 0.060657 0.117056 0.053261
0 0.039478 0.349650 0.054606 0.076377
23 0.248997 0.369358 0.335637 0.043634
