15 0.039896 0.229585 0.035593 0.072260
22 0.039012 0.479467 0.044112 0.078352
16 0.541852 0.477232 0.222261 0.640535
17 0.254821 0.477636 0.326831 0.636320
13 0.494665 0.075756 0.084445 0.083743
9 0.497579 0.856939 0.059647 0.078861
9 0.387022 0.856811 0.030767 0.078999
10 0.620997 0.085629 0.057820 0.084475
2 0.039631 0.856926 0.042782 0.077391
9 0.432948 0.864771 0.038427 0.093137
9 0.622906 0.856987 0.030679 0.078591
1 0.039554 0.729367 0.040423 0.077829
21 0.039513 0.608203 0.038593 0.068257
9 0.307992 0.857079 0.060082 0.079506
9 0.355267 0.857242 0.030591 0.080188
9 0.245216 0.856775 0.060768 0.080837
9 0.560510 0.857237 0.058042 0.079728
14 0.352410 0.076157 0.075531 0.085848
0 0.039258 0.353448 0.053938 0.076226
9 0.180963 0.856788 0.032366 0.079911
12 0.231598 0.076102 0.082051 0.085211
9 0.117646 0.856164 0.032398 0.079526
23 0.258102 0.370968 0.303926 0.032376
11 0.069499 0.065364 0.114827 0.053341
