15 0.057403 0.235119 0.054910 0.084045
17 0.376896 0.517965 0.500936 0.731344
16 0.822517 0.518323 0.354674 0.730985
21 0.056551 0.671607 0.056829 0.078033
2 0.057765 0.948554 0.062888 0.076606
0 0.056968 0.378288 0.079295 0.084474
11 0.104964 0.048300 0.172029 0.059979
9 0.460847 0.941146 0.091096 0.064151
9 0.841177 0.940621 0.048514 0.063483
1 0.056992 0.809963 0.059363 0.087538
9 0.580440 0.941287 0.046453 0.064069
12 0.346911 0.061901 0.124886 0.091862
14 0.528961 0.061722 0.112102 0.094593
10 0.933867 0.071427 0.087540 0.094084
13 0.742670 0.060623 0.127589 0.095171
9 0.532364 0.941986 0.045365 0.064359
9 0.365474 0.939454 0.091884 0.065628
9 0.936512 0.940293 0.047531 0.062999
9 0.745745 0.941597 0.048287 0.065496
9 0.651114 0.941091 0.047052 0.063908
9 0.269764 0.941467 0.047553 0.064117
9 0.175077 0.940728 0.047715 0.064401
22 0.055215 0.523445 0.072851 0.092548
