9 0.562964 0.881996 0.030775 0.078096
17 0.422254 0.505666 0.345247 0.637002
9 0.609047 0.887165 0.037294 0.087388
9 0.420875 0.880958 0.061413 0.079721
2 0.215805 0.882357 0.042579 0.077895
12 0.408828 0.101275 0.085198 0.081612
16 0.721615 0.503868 0.225437 0.641702
9 0.531317 0.883190 0.030861 0.079795
9 0.484138 0.882028 0.060153 0.078838
1 0.216164 0.755379 0.040399 0.078145
15 0.216362 0.254469 0.036135 0.071803
9 0.294358 0.882001 0.032167 0.080482
9 0.736929 0.881705 0.057663 0.078816
9 0.799264 0.883034 0.031531 0.079532
9 0.356911 0.881983 0.032025 0.080262
22 0.215059 0.505541 0.045191 0.079333
21 0.215832 0.634461 0.038002 0.068671
13 0.670817 0.102214 0.085204 0.081939
9 0.673810 0.882240 0.061380 0.080305
14 0.528670 0.102105 0.075647 0.082671
10 0.796789 0.109879 0.058882 0.085614
23 0.423878 0.398159 0.337948 0.043839
0 0.215752 0.377900 0.050553 0.074691
11 0.247092 0.089742 0.115266 0.051302
