22 0.038910 0.479391 0.044199 0.078205
16 0.544009 0.476983 0.222911 0.639419
15 0.040088 0.229632 0.035399 0.072817
17 0.255613 0.477529 0.326650 0.635260
13 0.494904 0.075952 0.083575 0.084005
9 0.497105 0.857101 0.060146 0.078686
1 0.039963 0.730083 0.040037 0.078580
10 0.621086 0.084974 0.058136 0.085349
9 0.386941 0.856907 0.030468 0.079001
21 0.039570 0.608307 0.038023 0.068307
14 0.353122 0.075849 0.075207 0.084946
9 0.622934 0.857112 0.031045 0.078630
2 0.039727 0.856943 0.042857 0.077526
9 0.355304 0.856974 0.030434 0.079961
9 0.308004 0.856993 0.059798 0.078711
9 0.560354 0.857323 0.057807 0.079768
9 0.244750 0.856493 0.061409 0.080781
0 0.039519 0.354193 0.054357 0.076349
12 0.232275 0.075793 0.082457 0.085807
9 0.432984 0.864585 0.038258 0.092441
9 0.181090 0.856745 0.032164 0.080455
9 0.117898 0.856411 0.032051 0.079150
11 0.069721 0.064924 0.116601 0.052470
23 0.257774 0.369767 0.305225 0.033093
