15 0.060452 0.229906 0.054856 0.081515
9 0.463417 0.936820 0.090352 0.089553
2 0.059989 0.936444 0.063232 0.087525
12 0.348856 0.058008 0.124310 0.089746
16 0.823027 0.507922 0.349321 0.725442
9 0.581729 0.937131 0.046522 0.088869
21 0.060117 0.655996 0.056564 0.077693
9 0.367697 0.935864 0.091176 0.090163
9 0.534249 0.937093 0.046551 0.087113
17 0.385385 0.509240 0.485580 0.724177
9 0.177848 0.937615 0.047855 0.091957
9 0.842193 0.936761 0.088748 0.087754
9 0.746652 0.936778 0.092887 0.088624
10 0.933171 0.067682 0.085674 0.094513
9 0.936437 0.936452 0.048019 0.088704
22 0.057432 0.511215 0.070103 0.088043
9 0.650646 0.945164 0.057718 0.104381
23 0.391504 0.388934 0.424063 0.035876
0 0.059373 0.369194 0.079714 0.084532
9 0.271863 0.937179 0.047965 0.089231
13 0.743866 0.058483 0.127577 0.090370
1 0.060608 0.792103 0.060837 0.087862
14 0.530125 0.058245 0.113016 0.092548
11 0.107146 0.046204 0.171919 0.059593
