17 0.422710 0.498373 0.338925 0.633722
9 0.420657 0.877873 0.061598 0.078367
2 0.215973 0.878875 0.041990 0.077658
9 0.609472 0.884409 0.036509 0.085350
9 0.562910 0.879692 0.031207 0.076172
9 0.484248 0.878891 0.059915 0.076434
9 0.294174 0.879547 0.031995 0.079073
1 0.216735 0.753436 0.040145 0.079447
9 0.531236 0.880018 0.030358 0.077160
9 0.799242 0.880466 0.033421 0.078940
13 0.670536 0.096542 0.085690 0.085041
15 0.216297 0.249730 0.035317 0.073292
10 0.796864 0.105392 0.059348 0.087280
22 0.214975 0.502310 0.044556 0.076580
12 0.409183 0.095912 0.084274 0.083370
0 0.215929 0.375280 0.053397 0.075777
14 0.529563 0.096137 0.077098 0.085483
9 0.357034 0.879001 0.032007 0.078761
11 0.247200 0.085159 0.116916 0.052184
21 0.216032 0.631259 0.037751 0.068270
9 0.735916 0.879016 0.058380 0.078005
9 0.673179 0.878296 0.059099 0.075820
20 0.672806 0.311721 0.095917 0.043442
23 0.424544 0.391672 0.323834 0.034622
18 0.725073 0.634809 0.194249 0.048490
19 0.724697 0.582081 0.196406 0.047471
