15 0.060016 0.249535 0.054254 0.078972
2 0.060083 0.939086 0.063160 0.085095
16 0.822937 0.522010 0.349428 0.705510
9 0.650486 0.947083 0.058573 0.101632
17 0.372973 0.525154 0.519025 0.703956
9 0.745108 0.938521 0.092702 0.085616
9 0.533516 0.939059 0.046237 0.084362
9 0.936026 0.939501 0.048004 0.087375
9 0.841154 0.939190 0.089573 0.086646
10 0.932542 0.091978 0.086438 0.092413
9 0.581072 0.939521 0.046626 0.085191
12 0.348226 0.082487 0.124487 0.088015
9 0.462834 0.938812 0.091355 0.087863
9 0.367381 0.938512 0.091076 0.088528
9 0.177570 0.940370 0.048499 0.090618
1 0.060670 0.799852 0.061214 0.085906
21 0.059694 0.665823 0.057269 0.075746
9 0.271391 0.939355 0.048067 0.086204
11 0.104650 0.070732 0.174128 0.055630
0 0.059284 0.386386 0.079403 0.080255
14 0.529955 0.082918 0.112713 0.089211
13 0.743216 0.082504 0.127855 0.089139
22 0.058082 0.525965 0.070650 0.086199
23 0.374903 0.405798 0.514937 0.047467
