17 0.354408 0.495046 0.324350 0.641981
22 0.140050 0.499821 0.044715 0.078675
16 0.646749 0.498633 0.225989 0.641291
9 0.488296 0.877517 0.031475 0.081426
9 0.346515 0.876213 0.060353 0.077017
1 0.141669 0.751026 0.039316 0.078019
9 0.725606 0.875161 0.030768 0.077087
11 0.172752 0.084714 0.115705 0.052225
9 0.409581 0.877061 0.061132 0.079059
9 0.456782 0.877863 0.030827 0.080504
13 0.596709 0.095740 0.084680 0.083444
14 0.454388 0.095345 0.076195 0.082734
9 0.219737 0.875801 0.030610 0.077423
9 0.598618 0.875345 0.059307 0.079403
9 0.535179 0.877924 0.036166 0.081494
21 0.141210 0.627679 0.037713 0.069057
10 0.723640 0.104291 0.059311 0.084469
9 0.662306 0.876055 0.056373 0.077198
0 0.142008 0.373029 0.053132 0.077097
9 0.282484 0.876357 0.030667 0.078130
12 0.334131 0.095468 0.082625 0.082038
2 0.141087 0.875109 0.043221 0.077709
15 0.141515 0.247971 0.036955 0.069999
