15 0.039834 0.229814 0.035362 0.072123
22 0.038931 0.478957 0.043811 0.077573
16 0.542259 0.477290 0.221492 0.640462
17 0.254980 0.477615 0.326732 0.636494
9 0.386953 0.856708 0.030656 0.078906
9 0.497477 0.856651 0.060424 0.078497
10 0.621001 0.085504 0.057738 0.084085
13 0.494565 0.075614 0.084118 0.083754
9 0.622854 0.856783 0.030801 0.078280
9 0.432805 0.864544 0.038584 0.092805
2 0.039594 0.856882 0.042864 0.077423
9 0.307929 0.856883 0.059969 0.079145
9 0.355050 0.857021 0.030607 0.079925
1 0.039516 0.729618 0.040006 0.078225
21 0.039462 0.608231 0.038466 0.068268
9 0.245171 0.856509 0.060940 0.080332
9 0.560520 0.856883 0.057788 0.079317
14 0.352258 0.076090 0.075319 0.085851
0 0.039353 0.353775 0.054021 0.076402
9 0.180997 0.856509 0.032312 0.079602
9 0.117679 0.855907 0.032215 0.078917
12 0.231527 0.076099 0.081832 0.085285
23 0.257796 0.370919 0.304525 0.032768
11 0.069572 0.065500 0.114521 0.053508
