15 0.057413 0.235034 0.055015 0.083033
16 0.822611 0.517662 0.353761 0.728621
17 0.376990 0.517604 0.504618 0.729998
10 0.934216 0.070429 0.088913 0.094804
2 0.057774 0.949359 0.063063 0.076930
14 0.528926 0.061264 0.114902 0.094274
21 0.057068 0.672114 0.056921 0.079774
9 0.460686 0.941436 0.090774 0.064115
12 0.347236 0.060879 0.123559 0.092824
11 0.105511 0.047962 0.171979 0.059908
0 0.057360 0.377792 0.079947 0.086033
9 0.841103 0.941419 0.048492 0.063782
1 0.057127 0.810052 0.058689 0.087304
9 0.580458 0.941937 0.046628 0.063898
13 0.742604 0.061133 0.126341 0.094052
9 0.745794 0.942553 0.048141 0.065868
9 0.365154 0.939914 0.091770 0.065439
9 0.269670 0.942052 0.047637 0.064408
9 0.532449 0.941915 0.045577 0.062835
9 0.651086 0.941665 0.047390 0.063918
9 0.936407 0.941062 0.047726 0.063125
9 0.175010 0.941268 0.047129 0.065180
22 0.055124 0.523605 0.072318 0.092158
