2 0.060212 0.940353 0.063939 0.085560
15 0.060145 0.255049 0.054378 0.079534
9 0.176929 0.942386 0.049414 0.087941
9 0.744737 0.941784 0.091578 0.085835
9 0.840492 0.942105 0.087274 0.085354
21 0.060702 0.670150 0.058799 0.076518
17 0.368560 0.527694 0.505533 0.697587
9 0.934931 0.942845 0.051790 0.087521
9 0.461673 0.940961 0.090802 0.085076
9 0.366138 0.941209 0.091891 0.087259
9 0.533014 0.942156 0.047492 0.084624
12 0.347191 0.090165 0.126864 0.088799
0 0.059683 0.391578 0.081339 0.082850
18 0.823627 0.674025 0.290983 0.050550
10 0.929650 0.098671 0.090110 0.095484
9 0.649626 0.948221 0.058477 0.096072
9 0.580285 0.942153 0.047922 0.083883
9 0.271143 0.941729 0.049125 0.084542
11 0.104673 0.077124 0.175290 0.057794
22 0.058136 0.530751 0.071544 0.086663
14 0.530430 0.090601 0.115393 0.092312
13 0.742424 0.089941 0.131207 0.092082
1 0.060928 0.802379 0.063345 0.088357
19 0.825065 0.615382 0.289635 0.055816
20 0.745035 0.321298 0.147673 0.049223
23 0.361192 0.407963 0.483105 0.040715
