15 0.057516 0.235240 0.055056 0.084852
16 0.822345 0.517784 0.353634 0.728309
17 0.377125 0.517903 0.500841 0.731261
2 0.058131 0.949072 0.062499 0.077176
10 0.934392 0.070750 0.088519 0.094234
21 0.056786 0.672064 0.056872 0.079346
9 0.460837 0.941823 0.091021 0.064153
0 0.057500 0.378040 0.079448 0.085510
9 0.841129 0.941305 0.048421 0.063718
11 0.105273 0.047950 0.171600 0.060284
9 0.580455 0.941887 0.046521 0.063501
14 0.528646 0.060662 0.112586 0.094622
12 0.347369 0.060889 0.123825 0.092862
9 0.365375 0.940010 0.091795 0.065247
1 0.057232 0.810171 0.059150 0.088639
13 0.742628 0.060488 0.126961 0.094307
9 0.745759 0.942313 0.048001 0.065117
9 0.269631 0.942091 0.047809 0.064036
9 0.532544 0.942173 0.045636 0.063047
9 0.175022 0.941502 0.047550 0.065018
9 0.651119 0.941727 0.047297 0.063776
9 0.936420 0.940822 0.047787 0.062835
22 0.055559 0.523505 0.070898 0.091330
