9 0.562988 0.880914 0.030784 0.078017
16 0.722176 0.502083 0.228576 0.641818
12 0.409339 0.098372 0.084128 0.082216
17 0.422696 0.502981 0.346428 0.635657
9 0.609245 0.886503 0.036992 0.088355
2 0.215914 0.880446 0.042404 0.079330
9 0.420760 0.880876 0.061195 0.081122
1 0.216502 0.753863 0.040030 0.076863
9 0.294383 0.881204 0.031420 0.080551
9 0.673528 0.881335 0.062402 0.077918
9 0.799149 0.881591 0.031569 0.079161
9 0.531280 0.882298 0.030347 0.080685
9 0.484129 0.881216 0.059793 0.079020
14 0.529461 0.098606 0.077326 0.082765
10 0.797449 0.106989 0.059355 0.085592
21 0.215991 0.633292 0.037621 0.069251
15 0.216307 0.251783 0.035127 0.071593
9 0.357003 0.880851 0.031058 0.079968
9 0.736932 0.880592 0.058752 0.078741
13 0.670673 0.099617 0.085636 0.081592
22 0.215084 0.503403 0.044917 0.078813
23 0.423419 0.396561 0.331667 0.041595
11 0.247389 0.088127 0.116558 0.052581
0 0.216161 0.375541 0.051447 0.075584
