15 0.039862 0.228657 0.035376 0.069885
2 0.040047 0.855958 0.044318 0.078895
10 0.620892 0.084940 0.057432 0.084367
9 0.386724 0.856192 0.030787 0.076467
17 0.250246 0.474274 0.324024 0.635780
9 0.622923 0.856249 0.031911 0.076245
9 0.432676 0.865051 0.038821 0.092937
16 0.544692 0.476437 0.225755 0.629705
9 0.245192 0.855792 0.060720 0.077138
9 0.307987 0.856360 0.059647 0.076456
9 0.180948 0.855930 0.032805 0.076827
9 0.497304 0.856287 0.061294 0.077439
9 0.354967 0.856604 0.030022 0.077122
13 0.494562 0.075637 0.084063 0.082379
9 0.117833 0.855894 0.032573 0.077524
12 0.231857 0.075383 0.082311 0.082825
9 0.560256 0.856613 0.057971 0.077970
14 0.352251 0.076193 0.075785 0.084172
0 0.039529 0.354373 0.056541 0.077120
1 0.040101 0.730507 0.041044 0.079685
22 0.039543 0.479581 0.046521 0.079855
11 0.070329 0.065241 0.116241 0.050423
21 0.039562 0.608409 0.039362 0.070914
