17 0.429006 0.501097 0.315466 0.632484
9 0.602720 0.887240 0.038121 0.091564
1 0.209906 0.753513 0.040852 0.081658
16 0.713534 0.501501 0.227056 0.636392
9 0.477251 0.880520 0.059800 0.078317
9 0.524699 0.880833 0.030463 0.078561
9 0.287625 0.881528 0.031693 0.080387
9 0.729993 0.880944 0.059103 0.080117
13 0.663944 0.100836 0.085617 0.083425
9 0.413814 0.879500 0.060334 0.080244
9 0.555841 0.882503 0.031305 0.079472
10 0.790148 0.108734 0.059118 0.085450
2 0.208855 0.881065 0.042924 0.079712
9 0.665890 0.880968 0.061731 0.079472
12 0.401426 0.100285 0.083745 0.082309
22 0.208985 0.503237 0.044543 0.076577
9 0.792636 0.880661 0.031850 0.078980
9 0.350216 0.881062 0.031540 0.079666
0 0.205507 0.377479 0.058855 0.075583
14 0.522012 0.100885 0.074605 0.084084
15 0.208966 0.253938 0.035802 0.072871
23 0.426073 0.395668 0.301843 0.031644
11 0.239847 0.088882 0.114139 0.050914
21 0.209695 0.633326 0.038492 0.069320
