15 0.057516 0.235185 0.055584 0.084758
16 0.822501 0.517186 0.354137 0.727874
17 0.376352 0.519365 0.505085 0.732587
2 0.057377 0.949440 0.064359 0.076339
21 0.057274 0.673079 0.057826 0.081402
14 0.529956 0.060849 0.114115 0.096567
9 0.580460 0.943782 0.047116 0.064687
10 0.933314 0.070660 0.089154 0.096182
9 0.460905 0.942600 0.091847 0.065358
12 0.347000 0.060513 0.125049 0.092205
0 0.057394 0.378216 0.080376 0.087136
11 0.105054 0.048105 0.172010 0.060859
13 0.742859 0.060967 0.128316 0.095958
9 0.532809 0.943000 0.045910 0.063346
9 0.365511 0.941195 0.092346 0.066228
9 0.745737 0.943517 0.049173 0.067358
1 0.057115 0.811326 0.059226 0.087470
9 0.840962 0.942612 0.049537 0.065396
9 0.269589 0.943193 0.048199 0.065242
22 0.055197 0.524140 0.073527 0.093207
9 0.936618 0.942055 0.047952 0.063371
9 0.651134 0.942097 0.048035 0.064206
9 0.174875 0.942101 0.048376 0.064478
