15 0.039832 0.224620 0.036189 0.072377
22 0.038972 0.476655 0.045456 0.080210
2 0.039688 0.855504 0.043118 0.078136
17 0.245735 0.473327 0.346113 0.642435
16 0.542376 0.473822 0.223365 0.644176
1 0.039482 0.727773 0.040394 0.078259
9 0.497500 0.855213 0.060133 0.079244
9 0.387064 0.855055 0.030732 0.079037
21 0.039520 0.606401 0.038892 0.067557
10 0.621064 0.081339 0.058082 0.085097
9 0.622919 0.855335 0.030855 0.079072
9 0.308059 0.855345 0.060043 0.079720
9 0.432927 0.863229 0.038391 0.093611
9 0.355229 0.855626 0.030685 0.080493
9 0.245276 0.854870 0.060755 0.081371
13 0.494862 0.071205 0.083902 0.082399
9 0.560570 0.855542 0.057731 0.080163
14 0.352302 0.071481 0.075055 0.083433
9 0.181001 0.855340 0.032595 0.081154
9 0.117644 0.854395 0.032416 0.079793
12 0.231894 0.070968 0.083155 0.080803
11 0.070197 0.060954 0.116033 0.052523
0 0.039460 0.349088 0.051138 0.075261
23 0.248802 0.368975 0.333759 0.044782
