22 0.039201 0.476988 0.045285 0.080305
16 0.544415 0.473511 0.223963 0.643122
17 0.246243 0.473700 0.346779 0.640383
1 0.040107 0.728412 0.040383 0.079261
15 0.040077 0.224995 0.036686 0.074556
9 0.497193 0.855275 0.059814 0.079607
9 0.387125 0.855020 0.030413 0.078115
2 0.039704 0.855608 0.043345 0.079570
14 0.352539 0.071773 0.075092 0.082948
21 0.039832 0.607432 0.039169 0.069632
13 0.494985 0.071774 0.083465 0.082198
10 0.621161 0.080601 0.058853 0.086756
9 0.623065 0.855544 0.031020 0.079146
9 0.308117 0.855232 0.059856 0.078735
9 0.244678 0.854667 0.060749 0.081463
9 0.355432 0.855593 0.030903 0.080265
12 0.232508 0.070409 0.083613 0.083274
9 0.560369 0.855960 0.058025 0.080495
9 0.117965 0.854579 0.031946 0.079776
9 0.180987 0.855241 0.032259 0.081274
9 0.433129 0.863263 0.037819 0.093590
11 0.069047 0.060902 0.117790 0.054119
0 0.039914 0.349566 0.051103 0.075215
23 0.248981 0.367616 0.332649 0.047936
