22 0.038936 0.478878 0.044072 0.078023
16 0.543198 0.477594 0.222065 0.640577
15 0.039791 0.229419 0.035403 0.070819
17 0.252190 0.475167 0.326789 0.639603
2 0.039660 0.856439 0.042880 0.078870
10 0.621018 0.085352 0.057760 0.084660
13 0.494660 0.075931 0.084198 0.083293
9 0.497432 0.856653 0.060209 0.078393
9 0.386789 0.856893 0.030990 0.078883
21 0.039490 0.607869 0.038297 0.066031
1 0.039407 0.729849 0.039900 0.076627
9 0.307878 0.856809 0.059806 0.078652
9 0.622868 0.856745 0.030663 0.078176
12 0.231788 0.075824 0.082220 0.083328
9 0.432768 0.864634 0.038531 0.093096
9 0.560449 0.856737 0.057471 0.079111
9 0.354948 0.857234 0.029869 0.079059
9 0.244908 0.856720 0.061042 0.079701
9 0.180934 0.856845 0.032182 0.079248
0 0.039471 0.354108 0.054421 0.076278
14 0.352243 0.076354 0.075781 0.084220
9 0.117665 0.855995 0.032037 0.078758
11 0.069678 0.065515 0.114711 0.053618
