9 0.524891 0.880658 0.030724 0.078244
13 0.663600 0.100913 0.086059 0.083068
9 0.477389 0.880278 0.060011 0.077747
9 0.602742 0.887321 0.038527 0.091010
9 0.413960 0.878866 0.060870 0.078811
17 0.426492 0.501789 0.320532 0.630358
9 0.729976 0.881016 0.058277 0.079181
9 0.792661 0.880653 0.032743 0.078391
10 0.789935 0.108797 0.058997 0.084314
15 0.209421 0.253315 0.036393 0.072969
16 0.714410 0.501695 0.227875 0.629976
9 0.350150 0.880760 0.032145 0.078782
9 0.667100 0.881001 0.063765 0.079897
9 0.287634 0.881126 0.032475 0.079619
9 0.556050 0.881550 0.032015 0.078212
0 0.204637 0.377603 0.063145 0.076414
14 0.521672 0.100847 0.074630 0.083189
1 0.209874 0.753817 0.040535 0.079965
11 0.239708 0.089479 0.114284 0.050848
2 0.209194 0.880324 0.043269 0.079082
12 0.400905 0.099588 0.083292 0.082846
22 0.209226 0.504855 0.045515 0.077491
21 0.209640 0.632582 0.039886 0.069894
23 0.423606 0.395546 0.296217 0.030691
