16 0.543898 0.473742 0.223989 0.642946
17 0.246311 0.472979 0.345699 0.638521
15 0.039960 0.224799 0.036345 0.073583
22 0.038999 0.477108 0.045461 0.080517
9 0.497189 0.855130 0.060374 0.078799
1 0.040037 0.728463 0.040252 0.079609
2 0.039843 0.855273 0.043266 0.079492
9 0.387093 0.855004 0.030373 0.078660
21 0.039642 0.607003 0.038942 0.068661
10 0.621048 0.080788 0.058282 0.085215
14 0.352756 0.071419 0.075037 0.083373
13 0.495221 0.071377 0.083888 0.082972
9 0.622955 0.855464 0.031257 0.079025
9 0.308051 0.855399 0.059683 0.079063
9 0.560338 0.855602 0.057710 0.079850
9 0.355357 0.855462 0.030651 0.080139
9 0.244899 0.854864 0.061132 0.081181
9 0.433400 0.862908 0.038118 0.092187
9 0.117831 0.854755 0.032121 0.079355
9 0.181043 0.855010 0.032163 0.081095
11 0.069402 0.060706 0.116745 0.053509
12 0.232213 0.070228 0.083067 0.083131
0 0.039734 0.349602 0.051632 0.073858
23 0.249701 0.368645 0.336369 0.046338
