15 0.057050 0.235286 0.055591 0.084027
0 0.057354 0.378326 0.080577 0.086777
16 0.822248 0.518119 0.354867 0.727716
21 0.057221 0.672247 0.058899 0.081176
9 0.460809 0.940386 0.091863 0.065219
22 0.055251 0.522764 0.072521 0.091343
17 0.374900 0.519857 0.502839 0.733028
2 0.057728 0.948158 0.063427 0.077076
14 0.528315 0.061663 0.112562 0.094418
12 0.346891 0.060949 0.125686 0.093044
13 0.742581 0.061006 0.127456 0.094607
10 0.932945 0.071090 0.085917 0.094470
9 0.532623 0.941610 0.046464 0.064460
9 0.840973 0.940868 0.051145 0.067277
9 0.365027 0.940119 0.093566 0.065960
1 0.057468 0.809725 0.059590 0.088512
11 0.104671 0.047941 0.171282 0.059768
9 0.936395 0.940420 0.049803 0.065732
9 0.580214 0.941462 0.047188 0.065614
9 0.745572 0.941205 0.049754 0.067083
9 0.651364 0.940757 0.049606 0.065688
9 0.175129 0.940356 0.048654 0.066403
9 0.269484 0.941009 0.049287 0.064759
