22 0.039238 0.476206 0.044658 0.079854
13 0.495317 0.070995 0.084828 0.085069
15 0.040191 0.224161 0.035843 0.073831
17 0.246598 0.472050 0.337372 0.632886
9 0.497198 0.854427 0.059824 0.078048
10 0.621153 0.080457 0.058674 0.085040
2 0.039910 0.854487 0.043598 0.080031
9 0.386839 0.854213 0.030855 0.077235
9 0.623123 0.854958 0.033215 0.078750
14 0.353091 0.070969 0.075959 0.084663
1 0.039977 0.728399 0.040866 0.079685
9 0.244745 0.854004 0.060984 0.079505
9 0.355467 0.854181 0.030667 0.077753
9 0.117685 0.854456 0.032701 0.079900
9 0.308175 0.854501 0.059926 0.077666
9 0.560205 0.855172 0.059673 0.078679
21 0.039505 0.606148 0.039165 0.068367
9 0.181123 0.853977 0.032698 0.078681
19 0.549539 0.559680 0.193889 0.049684
0 0.039993 0.348948 0.052854 0.075940
9 0.433193 0.862146 0.038071 0.091899
18 0.549987 0.611393 0.195433 0.047113
12 0.232255 0.069711 0.083131 0.084051
11 0.070438 0.060326 0.115058 0.052592
20 0.495795 0.286511 0.098581 0.045064
23 0.252317 0.366859 0.322567 0.037165
