9 0.346725 0.875137 0.060668 0.074606
16 0.648599 0.497214 0.229716 0.631549
9 0.488613 0.875544 0.031768 0.076296
9 0.219973 0.874260 0.031952 0.074201
17 0.352935 0.500090 0.323475 0.641227
9 0.725700 0.875552 0.031553 0.075404
22 0.140495 0.500004 0.045954 0.079258
9 0.457027 0.877071 0.031573 0.077777
9 0.282506 0.875676 0.031406 0.075869
9 0.409550 0.876387 0.061064 0.076692
9 0.535217 0.877383 0.036262 0.079689
13 0.596532 0.095635 0.085274 0.082616
11 0.172978 0.084304 0.115117 0.051301
9 0.663326 0.875894 0.056983 0.075735
0 0.142124 0.373368 0.053838 0.078428
15 0.141531 0.248267 0.037048 0.068276
9 0.599498 0.875391 0.061392 0.078328
1 0.141970 0.750352 0.041095 0.079606
10 0.723423 0.104002 0.058877 0.085465
2 0.141249 0.873335 0.043664 0.072999
14 0.454373 0.096291 0.074239 0.082804
12 0.333503 0.095935 0.082535 0.081026
21 0.141727 0.627836 0.039077 0.069498
