22 0.039391 0.475976 0.043841 0.079887
13 0.494533 0.071312 0.084786 0.085010
15 0.039851 0.222063 0.036748 0.073698
9 0.623311 0.854718 0.033461 0.079048
17 0.244276 0.470978 0.339476 0.634907
9 0.497525 0.854174 0.060031 0.077645
2 0.039657 0.854455 0.043848 0.080189
9 0.244644 0.853710 0.060685 0.079688
9 0.355450 0.853907 0.031266 0.077642
9 0.308030 0.854172 0.060543 0.078065
9 0.386886 0.853908 0.030683 0.076933
9 0.559863 0.854714 0.059344 0.078632
14 0.352849 0.071218 0.076471 0.084986
10 0.620709 0.080970 0.059965 0.087746
9 0.433016 0.860885 0.038583 0.090423
1 0.039986 0.727425 0.041499 0.079196
9 0.117750 0.854225 0.032804 0.079671
21 0.039646 0.606064 0.039368 0.068734
9 0.180949 0.854033 0.033293 0.079200
0 0.040314 0.349157 0.052438 0.075942
19 0.549082 0.559074 0.194414 0.047713
12 0.231978 0.070369 0.083948 0.083714
11 0.069067 0.060061 0.116378 0.052449
18 0.547279 0.607695 0.197224 0.046810
20 0.495973 0.286820 0.098395 0.043317
23 0.250298 0.367074 0.322242 0.036674
