15 0.060286 0.249407 0.055449 0.079975
2 0.060257 0.938739 0.064091 0.086449
9 0.841288 0.939169 0.088408 0.085914
9 0.745407 0.938799 0.093642 0.084986
10 0.932485 0.091704 0.085661 0.091448
17 0.372389 0.527680 0.519288 0.706939
9 0.650901 0.947461 0.058103 0.101840
9 0.462881 0.938514 0.091272 0.086950
9 0.533535 0.939121 0.046971 0.084504
9 0.367382 0.938407 0.091479 0.087506
9 0.581253 0.939310 0.047206 0.085049
12 0.348583 0.082444 0.125487 0.088110
9 0.936233 0.939096 0.048970 0.087400
9 0.177564 0.939962 0.049189 0.089620
9 0.271147 0.938520 0.048575 0.085539
16 0.823050 0.520079 0.351221 0.694853
11 0.104759 0.070628 0.174287 0.056009
1 0.060853 0.800343 0.060207 0.085230
14 0.530099 0.082656 0.113066 0.088715
0 0.059275 0.386731 0.080215 0.081016
13 0.743012 0.082640 0.127606 0.088992
23 0.375511 0.406542 0.523312 0.046366
21 0.060127 0.665822 0.058206 0.077392
22 0.059050 0.526344 0.071138 0.087674
