22 0.140082 0.499416 0.044914 0.080533
17 0.354888 0.495598 0.326019 0.643705
9 0.488647 0.875655 0.031798 0.077337
16 0.645800 0.497810 0.224930 0.642458
9 0.346549 0.875178 0.060811 0.075949
9 0.456507 0.876196 0.031020 0.077076
9 0.725495 0.875214 0.031602 0.075694
9 0.409485 0.875813 0.061195 0.076388
9 0.219719 0.874665 0.031345 0.075721
15 0.141646 0.248751 0.037394 0.070580
9 0.662497 0.875330 0.056516 0.075704
9 0.535344 0.877383 0.035985 0.080358
9 0.599395 0.874780 0.060336 0.076967
11 0.172074 0.084485 0.115690 0.053107
13 0.596573 0.095590 0.086263 0.082011
1 0.141570 0.750394 0.039876 0.078256
0 0.142000 0.373427 0.052972 0.078188
21 0.141149 0.628327 0.037784 0.068943
14 0.453792 0.095970 0.076877 0.080895
9 0.282581 0.875388 0.031592 0.075891
12 0.333823 0.095719 0.083609 0.081229
10 0.723274 0.104762 0.059856 0.087862
2 0.140999 0.875499 0.044075 0.078657
