9 0.563026 0.881745 0.030923 0.077542
9 0.609310 0.887466 0.037268 0.087669
22 0.215249 0.503392 0.042530 0.076539
9 0.420766 0.881712 0.061472 0.080051
17 0.433937 0.500882 0.323052 0.639776
9 0.294205 0.881936 0.031524 0.078857
16 0.720242 0.502406 0.224139 0.646388
21 0.216151 0.634700 0.037023 0.068160
1 0.216334 0.754479 0.039000 0.075910
9 0.483987 0.882211 0.059861 0.078334
9 0.356884 0.881458 0.031624 0.078394
12 0.408393 0.099176 0.084200 0.080982
2 0.216215 0.881248 0.041647 0.078954
9 0.531088 0.882806 0.030672 0.078931
15 0.216296 0.252814 0.035804 0.072990
9 0.736730 0.881551 0.057730 0.077527
9 0.799263 0.882049 0.030874 0.077986
13 0.670592 0.100044 0.086185 0.080047
0 0.216099 0.375950 0.049559 0.075476
9 0.674026 0.881614 0.061467 0.077710
14 0.529035 0.099792 0.075550 0.081376
11 0.247018 0.087845 0.115149 0.051932
10 0.797350 0.107217 0.059135 0.085386
23 0.435878 0.393928 0.306372 0.030763
