15 0.057413 0.235290 0.054967 0.084641
16 0.822548 0.518168 0.353870 0.729125
17 0.377473 0.517930 0.504609 0.730138
2 0.057711 0.949454 0.062902 0.077338
10 0.934256 0.070858 0.088517 0.094533
14 0.529263 0.060955 0.113497 0.095005
21 0.056902 0.672023 0.056850 0.078996
9 0.460945 0.942071 0.091478 0.065403
0 0.057414 0.378107 0.080077 0.086052
11 0.105391 0.048149 0.171255 0.060473
9 0.841126 0.941594 0.048312 0.063949
1 0.057044 0.810193 0.058845 0.087692
12 0.347547 0.061158 0.123795 0.092726
9 0.580435 0.942063 0.046443 0.063667
13 0.742975 0.060683 0.126819 0.094367
9 0.365314 0.940188 0.091709 0.065617
9 0.745935 0.942630 0.047926 0.066126
9 0.269663 0.942289 0.047535 0.064556
9 0.532439 0.942133 0.045634 0.063007
9 0.651128 0.942038 0.047256 0.064318
22 0.055545 0.523288 0.071040 0.090467
9 0.936393 0.941221 0.047747 0.063126
9 0.174942 0.941548 0.047116 0.065411
