9 0.602655 0.886817 0.039168 0.091165
9 0.524751 0.880532 0.030468 0.078448
9 0.729984 0.880758 0.058828 0.079416
9 0.477350 0.880471 0.059939 0.078648
13 0.663549 0.100924 0.085816 0.084046
17 0.426613 0.501083 0.319474 0.632311
9 0.287439 0.881116 0.031857 0.080298
9 0.666621 0.880747 0.063071 0.079849
2 0.208785 0.881368 0.042839 0.078858
9 0.413945 0.879409 0.060461 0.079958
10 0.790002 0.109089 0.058602 0.084959
9 0.792578 0.880820 0.032243 0.079225
9 0.555944 0.882068 0.031609 0.079058
16 0.712501 0.502350 0.225024 0.640307
9 0.350097 0.880851 0.031979 0.079809
0 0.204090 0.377135 0.058673 0.074699
1 0.209868 0.754665 0.039386 0.078760
14 0.521700 0.101397 0.074365 0.084286
11 0.239921 0.089266 0.114609 0.050443
15 0.208987 0.253791 0.035650 0.072176
22 0.208959 0.503568 0.044325 0.077468
12 0.400862 0.100391 0.084351 0.082511
23 0.427076 0.395077 0.302026 0.030824
21 0.209303 0.633298 0.038975 0.068660
