9 0.562855 0.882211 0.030921 0.078072
12 0.408940 0.098910 0.083850 0.081629
9 0.609467 0.888227 0.037153 0.089096
9 0.420809 0.881680 0.061348 0.081150
2 0.216220 0.881773 0.041356 0.078817
16 0.720964 0.502706 0.225185 0.645113
17 0.434928 0.501269 0.320476 0.636027
9 0.294356 0.882354 0.031210 0.080252
14 0.529622 0.099439 0.076955 0.080472
1 0.216337 0.754797 0.039440 0.077235
13 0.670532 0.099769 0.085641 0.080595
15 0.216322 0.252355 0.035472 0.073278
9 0.484105 0.882635 0.059741 0.079145
9 0.531183 0.882909 0.030083 0.079165
22 0.215096 0.503775 0.042421 0.075208
10 0.797498 0.106967 0.059307 0.085699
9 0.357018 0.882256 0.031032 0.080417
9 0.673492 0.882636 0.061087 0.078436
0 0.216768 0.376157 0.049971 0.075663
21 0.216129 0.635151 0.036978 0.068439
9 0.799298 0.882482 0.031251 0.079539
9 0.736432 0.881676 0.058021 0.078528
11 0.247211 0.087841 0.114416 0.052279
23 0.432324 0.395451 0.299148 0.031530
