22 0.039019 0.479369 0.044405 0.078722
16 0.543089 0.477547 0.222000 0.640596
17 0.252098 0.475433 0.326912 0.639095
15 0.039857 0.229197 0.035504 0.071257
2 0.039718 0.856520 0.042818 0.078814
13 0.494768 0.076081 0.084545 0.083239
10 0.621013 0.085469 0.057877 0.085082
9 0.497559 0.856975 0.059429 0.078825
9 0.386851 0.857029 0.031132 0.078981
21 0.039515 0.607746 0.038435 0.066017
1 0.039392 0.729691 0.039876 0.076183
12 0.231751 0.075811 0.082171 0.083538
9 0.307961 0.857060 0.059940 0.079082
9 0.432909 0.864830 0.038404 0.093352
9 0.622920 0.856972 0.030558 0.078525
9 0.560446 0.857136 0.057722 0.079597
9 0.244910 0.857035 0.061033 0.080299
9 0.355132 0.857467 0.029939 0.079311
9 0.180910 0.857109 0.032206 0.079471
14 0.352375 0.076607 0.075836 0.084132
0 0.039433 0.353842 0.054281 0.076194
9 0.117637 0.856293 0.032240 0.079304
11 0.069628 0.065360 0.115040 0.053476
