22 0.039032 0.479726 0.044482 0.078533
16 0.543879 0.477713 0.223689 0.642190
15 0.040089 0.229578 0.035458 0.072892
17 0.255517 0.477570 0.326101 0.634703
13 0.494921 0.076055 0.083603 0.083965
1 0.040039 0.729763 0.040157 0.078329
9 0.497329 0.857430 0.059874 0.079302
10 0.621010 0.084835 0.058261 0.085929
9 0.386902 0.856866 0.030589 0.078679
14 0.353182 0.075919 0.075525 0.084921
21 0.039654 0.608270 0.038202 0.068270
2 0.039766 0.856889 0.042915 0.077761
9 0.622999 0.857388 0.030986 0.079249
9 0.560484 0.857610 0.057460 0.080233
9 0.355395 0.857082 0.030440 0.079870
9 0.308016 0.857252 0.059796 0.079018
9 0.244724 0.856849 0.061368 0.081460
12 0.232290 0.075930 0.082744 0.085431
9 0.433000 0.864832 0.038221 0.092872
0 0.039790 0.353872 0.053788 0.075298
9 0.181113 0.856656 0.032202 0.079792
9 0.117849 0.856706 0.032196 0.079757
11 0.070007 0.064899 0.116171 0.052687
23 0.257677 0.369761 0.305386 0.033084
