17 0.245856 0.472304 0.343909 0.632850
9 0.386963 0.854469 0.030467 0.077045
2 0.039990 0.854686 0.044057 0.078521
10 0.620831 0.080619 0.057342 0.084310
9 0.432752 0.863556 0.038537 0.093308
1 0.039794 0.728590 0.040589 0.078167
9 0.497484 0.854912 0.061113 0.078693
15 0.039989 0.224491 0.036508 0.073187
9 0.245247 0.854125 0.060805 0.079135
9 0.622956 0.854824 0.032008 0.077345
9 0.308040 0.854988 0.059716 0.077664
9 0.355269 0.854854 0.030880 0.078373
9 0.181010 0.854390 0.033048 0.078939
9 0.560290 0.855285 0.058138 0.079025
16 0.544498 0.471800 0.227930 0.634792
22 0.039307 0.477109 0.047651 0.081378
9 0.117792 0.854441 0.032790 0.078984
14 0.352396 0.071492 0.074770 0.083882
13 0.494817 0.071002 0.083899 0.081460
21 0.039493 0.606223 0.039369 0.068688
12 0.231359 0.070929 0.082583 0.081580
11 0.070101 0.060780 0.116479 0.052098
0 0.039508 0.349665 0.054771 0.076435
23 0.249110 0.368698 0.329449 0.045931
