9 0.346754 0.874901 0.060643 0.075507
16 0.648003 0.497514 0.228231 0.631348
22 0.140394 0.499551 0.046581 0.080173
9 0.488858 0.875765 0.032324 0.076763
9 0.220097 0.872869 0.032376 0.071650
9 0.725655 0.875173 0.032026 0.075759
17 0.353542 0.500650 0.324119 0.640710
9 0.456795 0.877066 0.031676 0.077984
9 0.409477 0.876329 0.060943 0.077220
13 0.596485 0.095164 0.086759 0.082060
9 0.535370 0.877722 0.036381 0.080783
9 0.663101 0.875922 0.057789 0.076155
9 0.599555 0.875295 0.061082 0.078706
9 0.282641 0.875396 0.031680 0.075820
0 0.142005 0.373513 0.053917 0.078651
11 0.172202 0.084123 0.115622 0.051709
15 0.141590 0.247890 0.037472 0.069523
1 0.142019 0.750463 0.040932 0.079455
12 0.333651 0.095693 0.083753 0.081827
10 0.723239 0.104297 0.059377 0.088251
14 0.454366 0.095857 0.074008 0.082634
2 0.141155 0.874466 0.044480 0.077117
21 0.141879 0.628747 0.039414 0.070989
