31 0.207895 0.464798 0.415790 0.762445
30 0.552781 0.462803 0.222313 0.776160
28 0.328374 0.043694 0.126808 0.022093
27 0.441856 0.878549 0.096220 0.019582
24 0.061601 0.065824 0.043619 0.018094
27 0.548978 0.877842 0.051875 0.018416
33 0.114123 0.064945 0.042566 0.022475
27 0.316597 0.879382 0.108650 0.022082
27 0.439734 0.901775 0.098272 0.023365
32 0.158005 0.064994 0.030445 0.021641
27 0.174301 0.879066 0.084485 0.022869
29 0.019288 0.064829 0.037963 0.018362
25 0.192548 0.064411 0.028661 0.021316
26 0.223554 0.065802 0.027097 0.022243
27 0.028079 0.879825 0.054187 0.026316
27 0.033498 0.907018 0.059113 0.028070
27 0.175369 0.902632 0.092611 0.026316
27 0.321675 0.901754 0.121182 0.024561
