30 0.635657 0.487622 0.223343 0.782504
31 0.285144 0.495513 0.401950 0.768812
28 0.415007 0.068419 0.117773 0.020705
27 0.406496 0.927723 0.121630 0.020804
27 0.260572 0.927608 0.083496 0.020768
27 0.526871 0.929465 0.096680 0.019032
24 0.147561 0.090313 0.044891 0.021378
27 0.111262 0.927650 0.045464 0.017868
27 0.111468 0.904824 0.046400 0.019300
27 0.527968 0.904736 0.095745 0.019528
29 0.105624 0.093299 0.026218 0.019997
27 0.260066 0.904239 0.083092 0.019474
27 0.402396 0.905956 0.108754 0.018780
33 0.198389 0.090052 0.045485 0.020229
27 0.634764 0.906227 0.049050 0.018634
32 0.242306 0.090386 0.032394 0.023028
25 0.277778 0.091249 0.028831 0.022453
26 0.308714 0.090674 0.026563 0.022453
