30 0.634377 0.487521 0.222535 0.782110
31 0.284188 0.494169 0.399479 0.773093
28 0.414435 0.069159 0.115110 0.018640
27 0.111553 0.928195 0.045976 0.018905
27 0.111660 0.906592 0.046298 0.020718
27 0.259225 0.928483 0.082459 0.019589
27 0.527557 0.929887 0.096348 0.018631
27 0.528184 0.906477 0.096351 0.020291
27 0.634623 0.907471 0.047121 0.018905
27 0.405487 0.929419 0.116443 0.019624
27 0.260036 0.905749 0.082597 0.020533
27 0.401954 0.905848 0.104827 0.019886
24 0.147386 0.092234 0.045581 0.019792
26 0.310079 0.091446 0.021866 0.020545
33 0.199043 0.091052 0.043484 0.018720
25 0.277452 0.092035 0.025234 0.019100
29 0.105740 0.089851 0.030883 0.020896
32 0.243370 0.091642 0.032226 0.020896
