31 0.301559 0.518965 0.599555 0.835620
27 0.663427 0.989866 0.151462 0.020268
30 0.825257 0.505225 0.337881 0.846990
28 0.494120 0.054836 0.181005 0.022109
27 0.482626 0.989484 0.169486 0.021033
27 0.262663 0.989358 0.127013 0.021283
27 0.037054 0.990639 0.071740 0.018722
27 0.476275 0.963924 0.159288 0.022294
27 0.666032 0.964530 0.151181 0.022457
27 0.036799 0.963382 0.071363 0.021079
24 0.092592 0.079141 0.066959 0.021948
33 0.171074 0.079063 0.065325 0.021677
27 0.826827 0.965093 0.075278 0.022418
29 0.030052 0.080038 0.039238 0.022029
27 0.262665 0.962869 0.123481 0.021253
32 0.238144 0.079389 0.042932 0.021769
26 0.336151 0.079334 0.036106 0.021109
25 0.288778 0.079515 0.036212 0.020825
27 0.499950 0.990612 0.142269 0.018776
