31 0.302153 0.514163 0.600326 0.830916
27 0.662908 0.990290 0.152471 0.019420
30 0.827019 0.504532 0.338166 0.845525
27 0.485994 0.989325 0.176538 0.021350
28 0.495423 0.054726 0.182125 0.021629
27 0.263765 0.989225 0.127867 0.021549
27 0.476893 0.963433 0.160693 0.023961
27 0.037302 0.990372 0.072577 0.019257
27 0.037082 0.962334 0.072444 0.021903
27 0.665391 0.963904 0.154238 0.023675
27 0.264063 0.962433 0.125864 0.022591
27 0.826314 0.964042 0.076560 0.023735
33 0.171293 0.079474 0.068043 0.022649
24 0.092482 0.078993 0.068855 0.022799
29 0.029775 0.079584 0.041454 0.023502
32 0.238304 0.079490 0.042435 0.022950
25 0.288718 0.079279 0.039243 0.023423
26 0.337071 0.078829 0.040645 0.022523
