31 0.299646 0.518259 0.599291 0.846209
30 0.825724 0.509744 0.340600 0.860873
27 0.664532 0.989966 0.149779 0.020069
27 0.483028 0.989496 0.167935 0.021007
27 0.037349 0.990444 0.073937 0.019113
27 0.262839 0.989448 0.125801 0.021104
27 0.476981 0.963821 0.160504 0.024114
28 0.495692 0.055587 0.176985 0.020922
27 0.667049 0.964083 0.150324 0.023528
33 0.171276 0.079695 0.067386 0.022245
27 0.826783 0.965040 0.076455 0.023139
27 0.263034 0.962785 0.122924 0.023103
26 0.336103 0.080134 0.036188 0.022854
27 0.037082 0.963556 0.073533 0.022815
24 0.093455 0.079512 0.069592 0.021930
33 0.238259 0.079529 0.045134 0.021875
29 0.030781 0.079084 0.041540 0.022683
32 0.237841 0.079700 0.044658 0.022256
25 0.289426 0.079720 0.037461 0.022119
