31 0.229752 0.473953 0.435817 0.759408
30 0.555964 0.472516 0.207610 0.772977
27 0.331550 0.909878 0.118599 0.022454
27 0.329527 0.886993 0.114442 0.019832
27 0.453183 0.885779 0.095941 0.020404
27 0.452027 0.910559 0.096787 0.021004
27 0.561114 0.886901 0.048307 0.017651
27 0.186350 0.886997 0.083294 0.023942
27 0.186217 0.908170 0.083645 0.024724
27 0.036208 0.909358 0.045336 0.017967
28 0.340110 0.052002 0.120235 0.021444
29 0.031628 0.073386 0.030253 0.020548
24 0.073570 0.073386 0.044829 0.021526
33 0.124587 0.073875 0.044554 0.022505
32 0.169004 0.074119 0.033828 0.022016
25 0.202695 0.073630 0.028053 0.021037
26 0.234736 0.073141 0.028328 0.022994
27 0.037438 0.889474 0.047291 0.028070
