31 0.229795 0.472092 0.437488 0.768156
30 0.555710 0.471197 0.205719 0.780393
27 0.330938 0.909499 0.118391 0.022396
27 0.452723 0.909952 0.094439 0.021346
27 0.328830 0.885823 0.113424 0.019315
26 0.234084 0.070291 0.025863 0.020911
28 0.342777 0.049338 0.120799 0.021438
27 0.453239 0.884948 0.096474 0.020119
27 0.185893 0.907893 0.083990 0.024865
27 0.561439 0.886402 0.047883 0.017839
27 0.185994 0.885913 0.083517 0.023395
24 0.073835 0.070534 0.047514 0.021237
27 0.036461 0.909764 0.046942 0.017496
28 0.031832 0.069559 0.029738 0.021690
33 0.126073 0.070681 0.050262 0.021690
32 0.169948 0.070120 0.029948 0.021316
25 0.202513 0.070307 0.027225 0.021690
27 0.037931 0.887324 0.052217 0.028169
