30 0.634264 0.486841 0.222582 0.781569
31 0.283321 0.494741 0.398343 0.773860
28 0.414385 0.069268 0.114401 0.018966
27 0.111465 0.928244 0.045591 0.018583
27 0.111570 0.906435 0.045981 0.020283
27 0.527720 0.929760 0.096858 0.018646
27 0.528555 0.906341 0.096366 0.019949
27 0.259253 0.928234 0.082572 0.019588
27 0.405553 0.929516 0.116090 0.019841
27 0.634707 0.907254 0.046145 0.018780
27 0.260036 0.905874 0.082645 0.020564
27 0.402043 0.905968 0.103982 0.020134
26 0.309944 0.091365 0.021417 0.020416
24 0.147188 0.092074 0.045994 0.020231
33 0.198935 0.091213 0.043584 0.019028
25 0.278223 0.091262 0.026757 0.021114
27 0.402957 0.909634 0.105451 0.020176
29 0.105634 0.091373 0.032864 0.023191
32 0.243088 0.089981 0.034429 0.022263
