30 0.634376 0.486885 0.221630 0.783003
31 0.283167 0.494228 0.400598 0.773160
28 0.414939 0.069009 0.115795 0.018894
27 0.111592 0.928163 0.045227 0.018661
27 0.111806 0.906170 0.045756 0.020190
27 0.527809 0.905583 0.095748 0.020389
27 0.527446 0.929621 0.095851 0.019137
27 0.259568 0.927875 0.082484 0.019740
27 0.406502 0.928913 0.115615 0.020009
27 0.260155 0.904504 0.082589 0.020186
27 0.402663 0.906582 0.104359 0.018829
27 0.634640 0.907077 0.047796 0.019697
24 0.147377 0.091370 0.045024 0.020284
26 0.309845 0.091311 0.022177 0.020403
33 0.199222 0.090952 0.047553 0.018836
25 0.277537 0.091858 0.025010 0.019338
29 0.105442 0.090386 0.029478 0.021877
32 0.242630 0.091249 0.031098 0.023604
