31 0.299343 0.519571 0.597645 0.845857
30 0.824531 0.510434 0.340285 0.865533
27 0.481358 0.989820 0.166886 0.020359
28 0.495890 0.055156 0.176100 0.020784
27 0.664063 0.989857 0.150430 0.020286
27 0.037013 0.990598 0.072985 0.018805
27 0.475432 0.964619 0.160521 0.022894
27 0.261983 0.989668 0.124568 0.020664
27 0.666766 0.964994 0.150326 0.022174
33 0.171257 0.079700 0.066543 0.021669
27 0.037136 0.964640 0.073270 0.021460
27 0.826828 0.966167 0.075197 0.022044
27 0.262581 0.963711 0.122701 0.022021
24 0.092722 0.080016 0.067533 0.021266
26 0.336445 0.080373 0.035648 0.021367
29 0.030304 0.079565 0.040550 0.021944
32 0.237728 0.079955 0.042094 0.020667
25 0.289191 0.080116 0.036711 0.021319
32 0.289493 0.080183 0.036938 0.020986
