31 0.285172 0.495532 0.400209 0.771944
30 0.635315 0.488660 0.223421 0.785277
28 0.414517 0.068993 0.118070 0.020273
27 0.111160 0.927815 0.045669 0.018961
27 0.260342 0.928788 0.083320 0.020419
27 0.405695 0.928249 0.121501 0.020652
27 0.527351 0.928848 0.095979 0.020972
24 0.147876 0.091069 0.045792 0.021345
27 0.111301 0.905726 0.046384 0.019794
26 0.309258 0.090650 0.023580 0.021568
27 0.528577 0.905732 0.095559 0.019390
27 0.401740 0.907232 0.110259 0.018934
27 0.260767 0.907042 0.082680 0.020361
33 0.198979 0.090120 0.043071 0.020547
27 0.634524 0.906879 0.048256 0.018053
29 0.105302 0.093063 0.026010 0.020722
32 0.243053 0.090974 0.032622 0.022923
25 0.278494 0.091332 0.027789 0.022206
