31 0.299530 0.500620 0.594566 0.868718
30 0.822882 0.492671 0.336207 0.896771
27 0.659614 0.960995 0.150459 0.024442
27 0.475852 0.960564 0.164382 0.024049
28 0.493764 0.017806 0.182963 0.023374
29 0.030675 0.043277 0.040556 0.023484
24 0.092205 0.042122 0.068197 0.022512
33 0.170578 0.042146 0.069019 0.021730
27 0.660405 0.988080 0.148885 0.023839
27 0.261044 0.959145 0.120879 0.021529
27 0.821722 0.963218 0.071891 0.025547
27 0.261388 0.986556 0.122969 0.024903
27 0.483203 0.987076 0.178838 0.025848
27 0.037773 0.959507 0.072898 0.021724
25 0.288306 0.042717 0.036650 0.021319
27 0.037606 0.986991 0.073254 0.026018
26 0.335306 0.042249 0.034890 0.021298
32 0.237850 0.042339 0.044748 0.020904
