31 0.298196 0.500985 0.596392 0.874772
30 0.821905 0.489313 0.335124 0.899433
27 0.475604 0.961259 0.164186 0.023825
27 0.660863 0.961584 0.145899 0.023201
28 0.495640 0.017897 0.182249 0.022590
27 0.822032 0.963318 0.073003 0.023890
29 0.030825 0.042680 0.042773 0.023885
27 0.261555 0.960754 0.121110 0.021900
33 0.171539 0.043146 0.066782 0.022107
24 0.092453 0.043139 0.067476 0.021398
27 0.261590 0.984822 0.121398 0.021303
27 0.482769 0.987037 0.178328 0.025926
27 0.037215 0.986708 0.073653 0.024861
27 0.037703 0.960950 0.072553 0.021889
26 0.335854 0.043259 0.034965 0.022146
27 0.262620 0.988983 0.120921 0.022035
27 0.661360 0.988333 0.144771 0.023334
27 0.036544 0.990268 0.073087 0.019465
25 0.288660 0.043363 0.036153 0.021930
33 0.237677 0.043058 0.041614 0.021073
32 0.237897 0.043259 0.041996 0.021258
