31 0.301709 0.496067 0.599714 0.865411
30 0.823603 0.495874 0.332787 0.895131
28 0.495387 0.018038 0.182993 0.022189
27 0.480150 0.959866 0.168546 0.023723
27 0.659229 0.959788 0.152178 0.023689
27 0.821386 0.962992 0.073348 0.027839
27 0.658777 0.987407 0.150925 0.025187
27 0.263689 0.986942 0.120581 0.026117
27 0.484170 0.986988 0.179254 0.026024
24 0.092559 0.042464 0.069098 0.023549
27 0.263141 0.958926 0.119350 0.022243
29 0.030204 0.043528 0.041584 0.025475
27 0.041201 0.987871 0.080086 0.024259
27 0.042014 0.960552 0.073018 0.025333
33 0.170656 0.042892 0.069102 0.022556
32 0.235135 0.042458 0.048649 0.023464
25 0.287110 0.041620 0.042827 0.026257
26 0.335551 0.042458 0.038254 0.025698
