31 0.299127 0.518454 0.597535 0.844565
30 0.824303 0.509984 0.341549 0.865702
27 0.663219 0.989311 0.151006 0.021379
27 0.481599 0.989166 0.166690 0.021667
28 0.496016 0.055158 0.176266 0.020823
27 0.037013 0.989901 0.072802 0.019718
27 0.475910 0.963652 0.159638 0.022425
27 0.262250 0.989002 0.124611 0.021355
33 0.171832 0.079764 0.065257 0.021861
27 0.666267 0.964190 0.149498 0.021566
27 0.037070 0.963679 0.072712 0.020878
27 0.826990 0.965231 0.074966 0.021645
27 0.263134 0.963050 0.123375 0.021562
24 0.092624 0.080178 0.067825 0.021472
26 0.336316 0.080366 0.035848 0.021775
32 0.237654 0.080179 0.042367 0.021170
29 0.030486 0.079744 0.040249 0.022308
25 0.288806 0.080216 0.036614 0.021459
33 0.237652 0.080003 0.042343 0.020816
32 0.289048 0.080298 0.036593 0.021189
