31 0.284376 0.496126 0.400378 0.771658
30 0.635367 0.488126 0.223839 0.782824
28 0.415048 0.069276 0.116485 0.020730
27 0.111235 0.927314 0.045726 0.019711
27 0.406553 0.928269 0.120864 0.020867
27 0.260191 0.928720 0.084003 0.020631
27 0.527559 0.928343 0.095687 0.020374
27 0.111294 0.906911 0.046129 0.020307
24 0.147342 0.091019 0.045947 0.020155
27 0.528385 0.906005 0.095935 0.019516
27 0.402034 0.905945 0.105046 0.019455
27 0.634761 0.906928 0.047330 0.018324
26 0.309673 0.089991 0.021072 0.021265
27 0.260064 0.906990 0.083943 0.020354
33 0.198649 0.090124 0.042052 0.019758
29 0.105766 0.092940 0.025572 0.020605
25 0.278417 0.091372 0.023841 0.019230
32 0.243610 0.090909 0.033385 0.020408
