31 0.301207 0.518557 0.598976 0.834183
27 0.662885 0.989270 0.151743 0.021460
30 0.825918 0.504513 0.336916 0.844731
28 0.494786 0.054804 0.181088 0.022190
27 0.482238 0.989062 0.169166 0.021877
27 0.262773 0.988516 0.127009 0.022046
27 0.037077 0.990096 0.071655 0.019807
27 0.476250 0.962994 0.157666 0.022220
27 0.665720 0.963520 0.150704 0.022369
27 0.036893 0.962368 0.071199 0.020876
24 0.092560 0.079333 0.067249 0.022453
33 0.171411 0.079047 0.064711 0.021918
27 0.826892 0.964119 0.075040 0.022297
29 0.030125 0.080303 0.038973 0.022761
32 0.238000 0.079491 0.043525 0.022123
27 0.262917 0.961997 0.123828 0.021237
27 0.501373 0.990163 0.139284 0.019674
25 0.288604 0.079645 0.036518 0.021164
26 0.335978 0.079551 0.035816 0.021385
