31 0.285012 0.495500 0.399876 0.771740
30 0.635599 0.488755 0.222944 0.784310
28 0.414867 0.069419 0.116815 0.020532
27 0.405408 0.928649 0.120554 0.020706
27 0.111055 0.928239 0.045581 0.018472
27 0.527411 0.928711 0.096258 0.021062
27 0.260285 0.928956 0.083212 0.020355
24 0.147541 0.091414 0.046103 0.021179
27 0.111226 0.905583 0.046444 0.019702
26 0.309434 0.090643 0.022618 0.021247
27 0.260687 0.907110 0.082792 0.020337
27 0.401614 0.906901 0.109877 0.018875
27 0.528820 0.905749 0.095421 0.019226
29 0.105318 0.093237 0.026139 0.020402
33 0.199108 0.090439 0.042625 0.020738
27 0.634428 0.906555 0.046900 0.017927
32 0.242827 0.090909 0.033907 0.024119
25 0.278039 0.090909 0.027126 0.024119
