31 0.213919 0.472438 0.427837 0.763337
30 0.551108 0.461459 0.221934 0.779768
28 0.330486 0.042685 0.123538 0.021660
27 0.441885 0.878487 0.096157 0.019363
27 0.548870 0.877855 0.051616 0.018036
26 0.223904 0.064316 0.027248 0.023109
27 0.316552 0.879280 0.108534 0.021684
33 0.115152 0.064532 0.043369 0.022307
32 0.158865 0.063680 0.032043 0.024130
27 0.439749 0.901834 0.098135 0.023174
24 0.062999 0.063859 0.048050 0.022065
27 0.174416 0.879190 0.084644 0.022438
29 0.019541 0.064875 0.029703 0.022243
25 0.192809 0.065802 0.030224 0.022243
27 0.025616 0.878947 0.049261 0.024561
27 0.025123 0.902632 0.050246 0.022807
27 0.177833 0.903509 0.087685 0.021053
27 0.323645 0.900000 0.125123 0.024561
