31 0.300074 0.519955 0.597597 0.838025
30 0.827604 0.507608 0.339095 0.852479
27 0.663972 0.989743 0.150817 0.020515
28 0.494459 0.054795 0.180260 0.022743
27 0.481828 0.989597 0.170142 0.020806
27 0.036970 0.963063 0.072889 0.021826
27 0.036013 0.990472 0.070982 0.019055
27 0.475410 0.964023 0.160886 0.023075
27 0.262704 0.989436 0.127042 0.021128
27 0.666420 0.964757 0.151540 0.022648
33 0.170709 0.079015 0.066369 0.021756
24 0.091954 0.079270 0.068969 0.022485
27 0.826849 0.965285 0.075411 0.023094
32 0.237771 0.079337 0.044230 0.021695
27 0.263124 0.962945 0.125336 0.022067
25 0.289305 0.079304 0.036513 0.021080
26 0.335812 0.079376 0.036288 0.020929
29 0.029457 0.079922 0.040892 0.023259
