31 0.298448 0.500123 0.596896 0.874610
30 0.822468 0.492810 0.334745 0.897695
27 0.660723 0.961383 0.146553 0.023963
27 0.476691 0.961400 0.168744 0.024615
27 0.822012 0.963057 0.072510 0.026495
33 0.171227 0.043177 0.067677 0.022405
28 0.495228 0.018738 0.181752 0.022569
27 0.263152 0.961278 0.121825 0.025118
27 0.037971 0.960797 0.072970 0.024614
27 0.261316 0.986112 0.122777 0.024478
24 0.093421 0.042703 0.067932 0.021797
29 0.031223 0.042450 0.042554 0.024095
26 0.336004 0.043190 0.034989 0.022803
27 0.038141 0.987610 0.074136 0.021034
33 0.237814 0.042963 0.044130 0.021925
27 0.661822 0.988934 0.145127 0.022132
25 0.287864 0.041779 0.038114 0.026954
27 0.483983 0.988296 0.181058 0.027154
