31 0.300782 0.499585 0.594525 0.868167
30 0.823847 0.493359 0.338006 0.897557
27 0.478439 0.961435 0.170094 0.024844
28 0.495767 0.018157 0.184633 0.023309
27 0.660309 0.961276 0.151374 0.024595
27 0.821507 0.963710 0.071658 0.027704
27 0.659759 0.987257 0.151133 0.025485
27 0.263641 0.986880 0.120370 0.026240
27 0.261865 0.959809 0.122283 0.023138
29 0.030982 0.043013 0.043270 0.025247
27 0.482831 0.987268 0.179313 0.025464
33 0.169414 0.042745 0.070107 0.022520
24 0.092338 0.042599 0.068896 0.023413
27 0.037914 0.987395 0.072940 0.025209
27 0.038106 0.960406 0.072827 0.023846
32 0.235724 0.041667 0.048050 0.025281
25 0.288301 0.040730 0.041783 0.027154
26 0.338092 0.042135 0.045265 0.024345
