31 0.198693 0.468748 0.395836 0.773873
30 0.549546 0.460075 0.218818 0.787649
28 0.329371 0.043407 0.117829 0.018466
33 0.113165 0.065165 0.041774 0.019484
27 0.549059 0.879297 0.048240 0.019498
26 0.225786 0.064720 0.019759 0.020581
27 0.178031 0.898396 0.095593 0.022687
27 0.440073 0.902420 0.095788 0.022809
24 0.060956 0.064653 0.045279 0.019306
27 0.439825 0.876042 0.095592 0.018416
25 0.190586 0.065294 0.023151 0.019531
27 0.320075 0.902009 0.122234 0.021550
27 0.025039 0.903930 0.049210 0.019259
32 0.157917 0.065587 0.027810 0.019373
27 0.174029 0.874273 0.082517 0.022353
27 0.316068 0.875025 0.110129 0.025153
27 0.025431 0.882612 0.048330 0.020012
29 0.021365 0.066728 0.030224 0.022243
