31 0.198485 0.468480 0.395605 0.766922
30 0.550336 0.460012 0.222601 0.783170
28 0.329353 0.042203 0.120974 0.019973
27 0.442033 0.879177 0.096262 0.020725
27 0.549288 0.878166 0.051975 0.018905
27 0.174155 0.879345 0.083573 0.022117
24 0.061654 0.064248 0.045191 0.020403
33 0.114179 0.064295 0.044453 0.021078
27 0.316922 0.879949 0.110081 0.023286
27 0.025668 0.880707 0.048777 0.018922
27 0.439980 0.901979 0.097693 0.023422
29 0.020615 0.063665 0.028909 0.020286
25 0.190936 0.064784 0.022129 0.020326
32 0.157844 0.064369 0.029796 0.020928
27 0.440871 0.886476 0.097115 0.020701
26 0.224461 0.065513 0.034746 0.022250
27 0.029064 0.900877 0.052217 0.026316
27 0.175862 0.900000 0.085714 0.024561
27 0.323645 0.903509 0.125123 0.024561
