30 0.635474 0.488144 0.223203 0.783277
31 0.284270 0.495614 0.401223 0.769479
28 0.415191 0.069079 0.117043 0.021250
27 0.407395 0.928774 0.120906 0.021264
27 0.259678 0.927773 0.083549 0.020989
27 0.111392 0.927519 0.044906 0.018819
27 0.527803 0.928741 0.095025 0.020330
27 0.111529 0.906197 0.045502 0.020055
27 0.528098 0.905380 0.095502 0.019786
33 0.198378 0.091814 0.044426 0.020104
27 0.634975 0.906884 0.049177 0.019137
27 0.402037 0.906112 0.106598 0.018773
27 0.259976 0.904568 0.082997 0.019782
29 0.105989 0.093090 0.025621 0.020219
26 0.309499 0.090479 0.022185 0.021163
24 0.146056 0.091518 0.043694 0.019275
25 0.277624 0.091039 0.024051 0.019209
32 0.243585 0.091569 0.034603 0.021424
