31 0.300641 0.516202 0.597542 0.841944
30 0.826736 0.506579 0.340131 0.850981
27 0.664346 0.989607 0.152286 0.020785
28 0.496196 0.054915 0.180962 0.022191
27 0.484431 0.989479 0.173367 0.021042
27 0.037355 0.962075 0.074226 0.022476
27 0.263619 0.989315 0.127592 0.021370
27 0.477150 0.963555 0.162564 0.024317
27 0.037074 0.990243 0.072833 0.019513
27 0.666326 0.963863 0.153798 0.023976
27 0.264193 0.962550 0.125959 0.023215
33 0.170239 0.079450 0.067395 0.022623
27 0.826974 0.964622 0.075449 0.024666
29 0.030246 0.079804 0.042140 0.023442
24 0.092309 0.079216 0.069990 0.023478
32 0.237869 0.079425 0.044072 0.022096
25 0.288943 0.079358 0.037651 0.021448
26 0.335921 0.079169 0.035948 0.021779
