31 0.299626 0.519327 0.597110 0.836341
30 0.827083 0.506362 0.340632 0.850496
27 0.662916 0.989205 0.152542 0.021590
28 0.495053 0.054784 0.180589 0.022848
27 0.481042 0.989099 0.169956 0.021801
27 0.037427 0.962077 0.073607 0.021698
27 0.036940 0.990223 0.072063 0.019554
27 0.262864 0.988942 0.127139 0.022117
27 0.474692 0.963010 0.160480 0.022906
27 0.665628 0.963686 0.152232 0.022760
33 0.171195 0.079083 0.065519 0.022146
24 0.091933 0.079443 0.068261 0.023047
27 0.826766 0.964381 0.074901 0.022957
32 0.237198 0.079336 0.045334 0.022481
25 0.289149 0.079489 0.037020 0.021594
29 0.029996 0.080070 0.039893 0.022621
26 0.335799 0.079204 0.035876 0.021928
27 0.263764 0.962159 0.125482 0.022074
