31 0.198739 0.468213 0.396347 0.768863
30 0.550319 0.460490 0.222213 0.786365
28 0.328347 0.042271 0.120540 0.019699
27 0.441951 0.879025 0.095967 0.020393
27 0.174151 0.879194 0.083744 0.021414
27 0.548731 0.878039 0.051153 0.018270
27 0.317004 0.874339 0.107910 0.022579
24 0.061046 0.064694 0.045289 0.019427
33 0.114062 0.064240 0.042565 0.020777
29 0.020524 0.063652 0.027683 0.020230
27 0.025793 0.880541 0.049110 0.018835
27 0.439757 0.901963 0.097744 0.023239
26 0.223158 0.063232 0.026306 0.022665
25 0.191064 0.064957 0.020703 0.020196
32 0.158937 0.064411 0.035435 0.019462
27 0.028571 0.900000 0.053202 0.021053
27 0.175862 0.902632 0.091626 0.019298
27 0.322167 0.903509 0.120197 0.031579
