31 0.299367 0.500490 0.596106 0.868900
30 0.823183 0.492189 0.336425 0.897452
27 0.659427 0.960904 0.149885 0.023902
27 0.475050 0.960511 0.164087 0.024079
28 0.493987 0.017810 0.184810 0.023631
29 0.030961 0.043253 0.040033 0.023097
33 0.171005 0.042139 0.068858 0.021960
24 0.092324 0.041928 0.067893 0.022184
27 0.659895 0.988006 0.148388 0.023988
27 0.821802 0.963198 0.071784 0.024455
27 0.261162 0.959270 0.121236 0.021665
27 0.261420 0.986563 0.123336 0.024847
27 0.482735 0.986964 0.178761 0.026071
27 0.037701 0.959327 0.072934 0.021561
27 0.037567 0.986946 0.073342 0.026107
25 0.288569 0.042530 0.037161 0.021611
26 0.335450 0.041998 0.035355 0.021095
32 0.238167 0.042132 0.044088 0.020968
