30 0.821629 0.489832 0.335560 0.898243
27 0.475809 0.961286 0.164991 0.024160
27 0.661109 0.961569 0.145232 0.023466
28 0.494478 0.018115 0.179522 0.022694
27 0.822237 0.963194 0.071728 0.024817
29 0.030751 0.042689 0.042880 0.024006
33 0.171671 0.043229 0.067149 0.022168
24 0.092736 0.043236 0.067434 0.021344
27 0.262440 0.957060 0.120462 0.027509
27 0.038519 0.960858 0.073404 0.024945
26 0.335856 0.043428 0.035148 0.022420
27 0.483005 0.987136 0.179318 0.025728
25 0.288608 0.043514 0.036114 0.021983
27 0.036545 0.990361 0.073089 0.019277
27 0.661589 0.988393 0.144086 0.023215
27 0.264214 0.989784 0.126033 0.029649
33 0.237478 0.043307 0.042373 0.021380
32 0.237610 0.043513 0.042790 0.021657
