30 0.635140 0.488099 0.223937 0.783029
31 0.284366 0.495786 0.400839 0.772073
28 0.415110 0.069053 0.116877 0.020739
27 0.111370 0.927469 0.045612 0.020069
27 0.406804 0.928674 0.121054 0.020999
27 0.259381 0.928305 0.082702 0.020612
27 0.527368 0.928619 0.095405 0.020198
27 0.111417 0.906975 0.046036 0.020423
27 0.527917 0.906040 0.096226 0.019705
24 0.147484 0.092059 0.044944 0.022186
27 0.634511 0.907256 0.048276 0.018443
27 0.402031 0.905708 0.105389 0.019342
27 0.260239 0.907025 0.083621 0.020367
26 0.308985 0.089978 0.022373 0.021059
33 0.199055 0.090933 0.043291 0.021572
29 0.105777 0.092877 0.025242 0.020690
32 0.242449 0.090974 0.032219 0.022923
25 0.278292 0.091332 0.028192 0.020774
